-6.849409E-1	-3.325185E-2
-6.848111E-1	-3.275120E-2
-6.845807E-1	-3.233064E-2
-6.835052E-1	-3.154621E-2
-6.824480E-1	-3.078697E-2
-6.814178E-1	-3.007054E-2
-6.803803E-1	-2.939527E-2
-6.793285E-1	-2.875395E-2
-6.782486E-1	-2.813324E-2
-6.772217E-1	-2.750166E-2
-6.761458E-1	-2.693214E-2
-6.751079E-1	-2.640751E-2
-6.740410E-1	-2.587617E-2
-6.730108E-1	-2.533950E-2
-6.720007E-1	-2.484880E-2
-6.709725E-1	-2.434293E-2
-6.699505E-1	-2.388578E-2
-6.689271E-1	-2.334926E-2
-6.678677E-1	-2.292425E-2
-6.668459E-1	-2.249580E-2
-6.657523E-1	-2.202753E-2
-6.647416E-1	-2.159963E-2
-6.636990E-1	-2.118717E-2
-6.626637E-1	-2.076791E-2
-6.616283E-1	-2.035803E-2
-6.605776E-1	-1.993358E-2
-6.595293E-1	-1.957811E-2
-6.584801E-1	-1.919957E-2
-6.574510E-1	-1.882194E-2
-6.564565E-1	-1.841973E-2
-6.553828E-1	-1.809092E-2
-6.543348E-1	-1.773143E-2
-6.533264E-1	-1.735612E-2
-6.522889E-1	-1.701570E-2
-6.512529E-1	-1.667151E-2
-6.502047E-1	-1.634469E-2
-6.491848E-1	-1.603389E-2
-6.481009E-1	-1.569263E-2
-6.470940E-1	-1.538940E-2
-6.460642E-1	-1.507259E-2
-6.449875E-1	-1.474685E-2
-6.439750E-1	-1.448334E-2
-6.429317E-1	-1.417712E-2
-6.419070E-1	-1.391245E-2
-6.408254E-1	-1.361099E-2
-6.397813E-1	-1.332477E-2
-6.387560E-1	-1.304503E-2
-6.377405E-1	-1.279122E-2
-6.366857E-1	-1.253917E-2
-6.357035E-1	-1.227447E-2
-6.346538E-1	-1.202987E-2
-6.336050E-1	-1.176878E-2
-6.325844E-1	-1.152784E-2
-6.315276E-1	-1.128110E-2
-6.305318E-1	-1.103468E-2
-6.295081E-1	-1.082025E-2
-6.284678E-1	-1.057645E-2
-6.274287E-1	-1.037608E-2
-6.264154E-1	-1.015068E-2
-6.253734E-1	-9.924673E-3
-6.243346E-1	-9.732972E-3
-6.233007E-1	-9.517843E-3
-6.222762E-1	-9.327400E-3
-6.211993E-1	-9.120114E-3
-6.201930E-1	-8.912951E-3
-6.191131E-1	-8.738859E-3
-6.180969E-1	-8.538204E-3
-6.170760E-1	-8.348936E-3
-6.160227E-1	-8.185295E-3
-6.150415E-1	-7.998586E-3
-6.139656E-1	-7.837715E-3
-6.129483E-1	-7.661054E-3
-6.119007E-1	-7.488305E-3
-6.108811E-1	-7.316238E-3
-6.098985E-1	-7.172004E-3
-6.088330E-1	-7.005613E-3
-6.078026E-1	-6.859121E-3
-6.067910E-1	-6.702588E-3
-6.057436E-1	-6.553734E-3
-6.046886E-1	-6.397984E-3
-6.036888E-1	-6.255601E-3
-6.026475E-1	-6.126054E-3
-6.015919E-1	-5.993288E-3
-6.005912E-1	-5.853562E-3
-5.995824E-1	-5.724462E-3
-5.985545E-1	-5.593293E-3
-5.975119E-1	-5.462496E-3
-5.964604E-1	-5.344482E-3
-5.954143E-1	-5.222907E-3
-5.944120E-1	-5.103405E-3
-5.933347E-1	-4.982984E-3
-5.922953E-1	-4.877601E-3
-5.912896E-1	-4.764738E-3
-5.902770E-1	-4.652516E-3
-5.892692E-1	-4.545673E-3
-5.882474E-1	-4.436877E-3
-5.872440E-1	-4.342089E-3
-5.861973E-1	-4.239516E-3
-5.851494E-1	-4.138503E-3
-5.841410E-1	-4.040557E-3
-5.830992E-1	-3.953627E-3
-5.820280E-1	-3.860217E-3
-5.810151E-1	-3.767720E-3
-5.799716E-1	-3.677099E-3
-5.789457E-1	-3.595648E-3
-5.779790E-1	-3.510872E-3
-5.769073E-1	-3.426584E-3
-5.758970E-1	-3.345155E-3
-5.748688E-1	-3.263962E-3
-5.738135E-1	-3.189454E-3
-5.727609E-1	-3.114419E-3
-5.717415E-1	-3.042246E-3
-5.706891E-1	-2.971458E-3
-5.696928E-1	-2.898980E-3
-5.686667E-1	-2.827932E-3
-5.676155E-1	-2.767355E-3
-5.665909E-1	-2.705987E-3
-5.655562E-1	-2.641281E-3
-5.645234E-1	-2.575675E-3
-5.635314E-1	-2.512941E-3
-5.624695E-1	-2.453519E-3
-5.614894E-1	-2.394065E-3
-5.604524E-1	-2.334146E-3
-5.593769E-1	-2.277528E-3
-5.583741E-1	-2.222115E-3
-5.573210E-1	-2.166772E-3
-5.563139E-1	-2.118654E-3
-5.552407E-1	-2.065610E-3
-5.542245E-1	-2.013209E-3
-5.531264E-1	-1.953223E-2
-5.521127E-1	-1.896105E-3
-5.510813E-1	-1.860180E-3
-5.500307E-1	-1.816086E-3
-5.490377E-1	-1.772273E-3
-5.479794E-1	-1.728731E-3
-5.469713E-1	-1.685661E-3
-5.459491E-1	-1.643410E-3
-5.449175E-1	-1.602828E-3
-5.438848E-1	-1.561638E-3
-5.428925E-1	-1.525605E-3
-5.418327E-1	-1.487916E-3
-5.408254E-1	-1.448872E-3
-5.397933E-1	-1.411569E-3
-5.387426E-1	-1.374521E-3
-5.377006E-1	-1.339234E-3
-5.366760E-1	-1.303378E-3
-5.356388E-1	-1.267454E-3
-5.346460E-1	-1.234775E-3
-5.335912E-1	-1.202222E-3
-5.326172E-1	-1.169455E-3
-5.315613E-1	-1.137945E-3
-5.305689E-1	-1.106300E-3
-5.294956E-1	-1.075892E-3
-5.285112E-1	-1.046170E-3
-5.274928E-1	-1.017429E-3
-5.264663E-1	-9.888599E-4
-5.254642E-1	-9.615045E-4
-5.244034E-1	-9.357642E-4
-5.233663E-1	-9.097072E-4
-5.223810E-1	-8.839192E-4
-5.213075E-1	-8.584458E-4
-5.202776E-1	-8.328335E-4
-5.192649E-1	-8.074932E-4
-5.182607E-1	-7.828039E-4
-5.172213E-1	-7.588195E-4
-5.161917E-1	-7.381235E-4
-5.151534E-1	-7.187002E-4
-5.141627E-1	-6.948529E-4
-5.131294E-1	-6.716721E-4
-5.120668E-1	-6.491143E-4
-5.110456E-1	-6.266802E-4
-5.100444E-1	-6.054698E-4
-5.089928E-1	-5.846264E-4
-5.080046E-1	-5.638680E-4
-5.069755E-1	-5.432239E-4
-5.060160E-1	-5.227319E-4
-5.049472E-1	-5.032196E-4
-5.039458E-1	-4.855951E-4
-5.029162E-1	-4.674289E-4
-5.018548E-1	-4.487202E-4
-5.008429E-1	-4.311251E-4
-4.998102E-1	-4.128949E-4
-4.987774E-1	-3.951745E-4
-4.977492E-1	-3.776288E-4
-4.967078E-1	-3.596660E-4
-4.956831E-1	-3.415074E-4
-4.946653E-1	-3.232136E-4
-4.936437E-1	-3.058050E-4
-4.926139E-1	-2.892613E-4
-4.916057E-1	-2.734068E-4
-4.905687E-1	-2.573254E-4
-4.895144E-1	-2.413810E-4
-4.884592E-1	-2.250124E-4
-4.874895E-1	-2.087626E-4
-4.864307E-1	-1.922212E-4
-4.854344E-1	-1.755269E-4
-4.843743E-1	-1.589981E-4
-4.832950E-1	-1.412258E-3
-4.823107E-1	-1.187169E-4
-4.812791E-1	-1.109302E-4
-4.802162E-1	-9.934332E-5
-4.792346E-1	-8.726740E-5
-4.782073E-1	-7.420968E-5
-4.771900E-1	-5.955156E-5
-4.761698E-1	-4.605038E-5
-4.751743E-1	-3.173421E-5
-4.741121E-1	-1.552958E-5
-4.731185E-1	-3.993421E-7
-4.720890E-1	1.463255E-5
-4.710369E-1	2.876354E-5
-4.700236E-1	4.322189E-5
-4.690285E-1	5.748007E-5
-4.679848E-1	7.145190E-5
-4.669406E-1	8.623938E-5
-4.660029E-1	1.018191E-4
-4.649682E-1	1.167478E-4
-4.639587E-1	1.320036E-4
-4.629432E-1	1.459995E-4
-4.619260E-1	1.599865E-4
-4.608930E-1	1.748214E-4
-4.598590E-1	1.898534E-4
-4.588455E-1	2.053847E-4
-4.578205E-1	2.204709E-4
-4.567239E-1	9.711475E-5
-4.556813E-1	2.549397E-4
-4.546732E-1	2.684140E-4
-4.536692E-1	2.846760E-4
-4.526058E-1	3.015828E-4
-4.516046E-1	3.184937E-4
-4.505600E-1	3.357262E-4
-4.495068E-1	3.530080E-4
-4.484965E-1	3.700477E-4
-4.474971E-1	3.872027E-4
-4.464373E-1	4.047239E-4
-4.454640E-1	4.231742E-4
-4.444145E-1	4.419859E-4
-4.434066E-1	4.610656E-4
-4.423508E-1	4.801207E-4
-4.413673E-1	4.991615E-4
-4.403333E-1	5.187455E-4
-4.393309E-1	5.386597E-4
-4.382798E-1	5.587516E-4
-4.372545E-1	5.792392E-4
-4.362463E-1	6.013652E-4
-4.351801E-1	6.234115E-4
-4.341591E-1	6.463192E-4
-4.331381E-1	6.688792E-4
-4.321089E-1	6.920066E-4
-4.310899E-1	7.160437E-4
-4.300546E-1	7.410666E-4
-4.290200E-1	7.669436E-4
-4.279872E-1	7.938148E-4
-4.269737E-1	8.212262E-4
-4.259225E-1	8.496625E-4
-4.249559E-1	8.790797E-4
-4.238959E-1	9.101434E-4
-4.228645E-1	9.424732E-4
-4.218342E-1	9.761847E-4
-4.208267E-1	1.011262E-3
-4.197995E-1	1.047841E-3
-4.187666E-1	1.086743E-3
-4.177507E-1	1.127344E-3
-4.167586E-1	1.170645E-3
-4.156774E-1	1.217217E-3
-4.146700E-1	1.264968E-3
-4.136527E-1	1.317288E-3
-4.126176E-1	1.374012E-3
-4.115802E-1	1.434794E-3
-4.105930E-1	1.499710E-3
-4.095503E-1	1.570930E-3
-4.085170E-1	1.650286E-3
-4.075129E-1	1.737658E-3
-4.064704E-1	1.832487E-3
-4.054335E-1	1.939731E-3
-4.043935E-1	2.060396E-3
-4.034082E-1	2.191015E-3
-4.023927E-1	2.332322E-3
-4.013574E-1	2.497517E-3
-4.003376E-1	2.682696E-3
-3.991633E-1	2.914540E-3
-3.981481E-1	3.156633E-3
-3.971051E-1	3.426577E-3
-3.960830E-1	3.738429E-3
-3.950141E-1	4.096001E-3
-3.939917E-1	4.500329E-3
-3.929330E-1	4.955646E-3
-3.918999E-1	5.462250E-3
-3.908569E-1	6.026680E-3
-3.898201E-1	6.670011E-3
-3.888199E-1	7.381215E-3
-3.877518E-1	8.163734E-3
-3.867384E-1	9.031253E-3
-3.856458E-1	9.970774E-3
-3.861768E-1	1.050666E-2
-3.871806E-1	1.083437E-2
-3.881771E-1	1.109423E-2
-3.892299E-1	1.129819E-2
-3.902358E-1	1.143530E-2
-3.912525E-1	1.153545E-2
-3.922287E-1	1.158066E-2
-3.932426E-1	1.159023E-2
-3.942312E-1	1.156187E-2
-3.952204E-1	1.149829E-2
-3.962396E-1	1.139624E-2
-3.972818E-1	1.127234E-2
-3.982728E-1	1.112159E-2
-3.993194E-1	1.095425E-2
-4.002873E-1	1.076370E-2
-4.013104E-1	1.056056E-2
-4.023245E-1	1.034397E-2
-4.033547E-1	1.011810E-2
-4.043287E-1	9.884564E-3
-4.053170E-1	9.644288E-3
-4.063582E-1	9.398976E-3
-4.073552E-1	9.149860E-3
-4.083610E-1	8.898948E-3
-4.093594E-1	8.650491E-3
-4.104034E-1	8.394667E-3
-4.113808E-1	8.140111E-3
-4.123866E-1	7.888004E-3
-4.134033E-1	7.641392E-3
-4.144430E-1	7.395632E-3
-4.154538E-1	7.154181E-3
-4.164511E-1	6.913493E-3
-4.174507E-1	6.674624E-3
-4.184495E-1	6.439694E-3
-4.194973E-1	6.210373E-3
-4.204494E-1	5.988146E-3
-4.214844E-1	5.772791E-3
-4.225105E-1	5.560870E-3
-4.235117E-1	5.350300E-3
-4.244993E-1	5.141920E-3
-4.255041E-1	4.943598E-3
-4.264993E-1	4.751741E-3
-4.275011E-1	4.566499E-3
-4.285594E-1	4.386623E-3
-4.295217E-1	4.212974E-3
-4.305302E-1	4.044740E-3
-4.315308E-1	3.880545E-3
-4.325331E-1	3.721011E-3
-4.335795E-1	3.565379E-3
-4.346102E-1	3.413204E-3
-4.356184E-1	3.268734E-3
-4.365938E-1	3.130652E-3
-4.376263E-1	2.997987E-3
-4.386327E-1	2.869259E-3
-4.396612E-1	2.743820E-3
-4.406682E-1	2.624324E-3
-4.416343E-1	2.507890E-3
-4.426605E-1	2.396189E-3
-4.436684E-1	2.287022E-3
-4.446886E-1	2.183242E-3
-4.456959E-1	2.083541E-3
-4.466424E-1	1.986373E-3
-4.476566E-1	1.893616E-3
-4.486880E-1	1.805989E-3
-4.496849E-1	1.713503E-3
-4.507112E-1	1.629147E-3
-4.517199E-1	1.548470E-3
-4.527669E-1	1.472171E-3
-4.537796E-1	1.398603E-3
-4.547496E-1	1.328843E-3
-4.557700E-1	1.261375E-3
-4.567149E-1	1.195678E-3
-4.577349E-1	1.132570E-3
-4.587460E-1	1.072048E-3
-4.597808E-1	1.013429E-3
-4.607615E-1	9.575409E-4
-4.617664E-1	9.033102E-4
-4.627953E-1	8.513176E-4
-4.637876E-1	7.996490E-4
-4.648253E-1	7.498615E-4
-4.658052E-1	7.021493E-4
-4.667715E-1	6.565032E-4
-4.677667E-1	6.065132E-4
-4.687919E-1	5.631568E-4
-4.697984E-1	5.209447E-4
-4.707890E-1	4.799751E-4
-4.717603E-1	4.401627E-4
-4.727746E-1	4.004555E-4
-4.738002E-1	3.617303E-4
-4.748027E-1	3.241162E-4
-4.758126E-1	2.873034E-4
-4.768360E-1	2.508697E-4
-4.778147E-1	2.155180E-4
-4.788278E-1	1.812116E-4
-4.798600E-1	1.472434E-4
-4.808620E-1	1.130670E-4
-4.818487E-1	7.980266E-5
-4.828313E-1	4.621516E-5
-4.838952E-1	1.329793E-5
-4.848708E-1	-1.947186E-5
-4.858446E-1	-5.196165E-5
-4.868647E-1	-8.437418E-5
-4.878386E-1	-1.159855E-4
-4.888543E-1	-1.476621E-4
-4.898643E-1	-1.794826E-4
-4.908772E-1	-2.107148E-4
-4.918877E-1	-2.418295E-4
-4.928583E-1	-2.732200E-4
-4.938909E-1	-3.037322E-4
-4.948813E-1	-3.349128E-4
-4.958956E-1	-3.656908E-4
-4.969192E-1	-3.966191E-4
-4.978999E-1	-4.282012E-4
-4.989216E-1	-4.597421E-4
-4.999269E-1	-4.916840E-4
-5.009134E-1	-5.253458E-4
-5.019180E-1	-5.598353E-4
-5.029540E-1	-5.925806E-4
-5.039637E-1	-6.251598E-4
-5.049457E-1	-6.577647E-4
-5.059536E-1	-6.911965E-4
-5.069726E-1	-7.261162E-4
-5.079328E-1	-7.602504E-4
-5.089044E-1	-7.946110E-4
-5.099000E-1	-8.289480E-4
-5.109329E-1	-8.625698E-4
-5.118947E-1	-8.979122E-4
-5.129013E-1	-9.341505E-4
-5.139198E-1	-9.718379E-4
-5.149152E-1	-1.009008E-3
-5.159625E-1	-1.047525E-3
-5.169678E-1	-1.084667E-3
-5.179220E-1	-1.123112E-3
-5.189693E-1	-1.162635E-3
-5.199223E-1	-1.203114E-3
-5.209381E-1	-1.245670E-3
-5.219631E-1	-1.287551E-3
-5.229530E-1	-1.331309E-3
-5.239658E-1	-1.376201E-3
-5.249689E-1	-1.421552E-3
-5.260064E-1	-1.466618E-3
-5.269768E-1	-1.512533E-3
-5.279972E-1	-1.559527E-3
-5.289612E-1	-1.615048E-3
-5.299784E-1	-1.663483E-3
-5.309329E-1	-1.713184E-3
-5.319372E-1	-1.765006E-3
-5.329433E-1	-1.816176E-3
-5.339142E-1	-1.869232E-3
-5.349365E-1	-1.923415E-3
-5.359213E-1	-1.979038E-3
-5.369504E-1	-2.035969E-3
-5.379392E-1	-2.093413E-3
-5.389713E-1	-2.159044E-3
-5.399616E-1	-2.219537E-3
-5.409866E-1	-2.280786E-3
-5.419902E-1	-2.342733E-3
-5.429624E-1	-2.407686E-3
-5.440008E-1	-2.473892E-3
-5.450100E-1	-1.574385E-3
-5.460755E-1	-2.622288E-3
-5.470782E-1	-2.695067E-3
-5.481176E-1	-2.766855E-3
-5.490794E-1	-2.847635E-3
-5.500848E-1	-2.921784E-3
-5.511176E-1	-2.997264E-3
-5.521469E-1	-3.076589E-3
-5.531479E-1	-3.160674E-3
-5.541015E-1	-3.244725E-3
-5.551474E-1	-3.330923E-3
-5.561492E-1	-3.417350E-3
-5.571554E-1	-3.504725E-3
-5.581807E-1	-3.593763E-3
-5.591956E-1	-3.686692E-3
-5.601770E-1	-3.779125E-3
-5.611922E-1	-3.883356E-3
-5.621902E-1	-3.978315E-3
-5.631877E-1	-4.074599E-3
-5.642436E-1	-4.174066E-3
-5.652071E-1	-4.276816E-3
-5.662494E-1	-4.381111E-3
-5.672127E-1	-4.496185E-3
-5.682462E-1	-4.607608E-3
-5.692716E-1	-4.718781E-3
-5.702453E-1	-4.832832E-3
-5.712447E-1	-4.949077E-3
-5.722538E-1	-5.073842E-3
-5.732813E-1	-5.206329E-3
-5.743080E-1	-5.330788E-3
-5.753024E-1	-5.459215E-3
-5.763217E-1	-5.587923E-3
-5.773317E-1	-5.721755E-3
-5.783868E-1	-5.859018E-3
-5.793593E-1	-6.012439E-3
-5.803529E-1	-6.155604E-3
-5.814016E-1	-6.299268E-3
-5.824026E-1	-6.443010E-3
-5.833869E-1	-6.596350E-3
-5.844178E-1	-6.748019E-3
-5.854415E-1	-6.919338E-3
-5.864525E-1	-7.075702E-3
-5.874387E-1	-7.233450E-3
-5.884803E-1	-7.394174E-3
-5.894666E-1	-7.573207E-3
-5.904250E-1	-7.747638E-3
-5.914352E-1	-7.920358E-3
-5.924439E-1	-8.095674E-3
-5.934321E-1	-8.289867E-3
-5.944765E-1	-8.472209E-3
-5.954999E-1	-8.666709E-3
-5.965291E-1	-8.861658E-3
-5.975165E-1	-9.052125E-3
-5.985068E-1	-9.244164E-3
-5.995184E-1	-9.469514E-3
-6.005091E-1	-9.669876E-3
-6.015632E-1	-9.886808E-3
-6.025358E-1	-1.009128E-2
-6.035470E-1	-1.031841E-2
-6.045850E-1	-1.053134E-2
-6.056045E-1	-1.074923E-2
-6.066234E-1	-1.099121E-2
-6.076425E-1	-1.121576E-2
-6.086398E-1	-1.144454E-2
-6.096576E-1	-1.166829E-2
-6.106558E-1	-1.194671E-2
-6.116424E-1	-1.218424E-2
-6.127116E-1	-1.242733E-2
-6.137203E-1	-1.270275E-2
-6.147031E-1	-1.296349E-2
-6.157018E-1	-1.321100E-2
-6.167344E-1	-1.349272E-2
-6.177402E-1	-1.376752E-2
-6.187293E-1	-1.402381E-2
-6.197525E-1	-1.431063E-2
-6.207608E-1	-1.457878E-2
-6.218175E-1	-1.487684E-2
-6.228042E-1	-1.514735E-2
-6.238315E-1	-1.546056E-2
-6.248491E-1	-1.574532E-2
-6.258555E-1	-1.604644E-2
-6.269022E-1	-1.636872E-2
-6.278851E-1	-1.667164E-2
-6.289273E-1	-1.696694E-2
-6.299210E-1	-1.732168E-2
-6.309247E-1	-1.763791E-2
-6.319368E-1	-1.793990E-2
-6.329542E-1	-1.827290E-2
-6.340091E-1	-1.859427E-2
-6.350079E-1	-1.894693E-2
-6.360363E-1	-1.925486E-2
-6.370014E-1	-1.963568E-2
-6.380186E-1	-1.998261E-2
-6.390298E-1	-2.034572E-2
-6.400418E-1	-2.068986E-2
-6.411218E-1	-2.105387E-2
-6.421379E-1	-2.138648E-2
-6.431417E-1	-2.178307E-2
-6.441871E-1	-2.215069E-2
-6.451624E-1	-2.255921E-2
-6.462068E-1	-2.293748E-2
-6.471862E-1	-2.333344E-2
-6.482416E-1	-2.372564E-2
-6.492256E-1	-2.410924E-2
-6.502371E-1	-2.448695E-2
-6.513018E-1	-2.495139E-2
-6.523129E-1	-2.535061E-2
-6.533073E-1	-2.582081E-2
-6.543616E-1	-2.623892E-2
-6.553818E-1	-2.667431E-2
-6.564048E-1	-2.716889E-2
-6.574193E-1	-2.759746E-2
-6.583882E-1	-2.803092E-2
-6.594540E-1	-2.852391E-2
-6.604806E-1	-2.898427E-2
-6.614632E-1	-2.945924E-2
-6.624710E-1	-2.991827E-2
-6.635285E-1	-3.034470E-2
-6.645053E-1	-3.086018E-2
-6.655642E-1	-3.132187E-2
-6.665561E-1	-3.182595E-2
-6.675999E-1	-3.233982E-2
-6.686151E-1	-3.284089E-2
-6.696848E-1	-3.333142E-2
-6.707038E-1	-3.382147E-2
-6.717050E-1	-3.434984E-2
-6.726780E-1	-3.485872E-2
-6.736848E-1	-3.541954E-2
-6.747092E-1	-3.595808E-2
-6.757166E-1	-3.652764E-2
-6.767424E-1	-3.709885E-2
-6.778129E-1	-3.765748E-2
-6.788503E-1	-3.826862E-2
-6.798666E-1	-3.883657E-2
-6.809094E-1	-3.945409E-2
-6.818669E-1	-4.001383E-2
-6.829280E-1	-4.058010E-2
-6.839139E-1	-4.122449E-2
-6.849644E-1	-4.181555E-2
-6.859670E-1	-4.240290E-2
