-7.056779E-1	-2.939431E-2
-7.046596E-1	-2.826351E-2
-7.036458E-1	-2.731960E-2
-7.025467E-1	-2.660483E-2
-7.015202E-1	-2.615293E-2
-7.004784E-1	-2.592386E-2
-6.994818E-1	-2.579618E-2
-6.984621E-1	-2.571677E-2
-6.975205E-1	-2.561167E-2
-6.965075E-1	-2.545324E-2
-6.955098E-1	-2.526216E-2
-6.944887E-1	-2.503707E-2
-6.934410E-1	-2.479563E-2
-6.924457E-1	-2.447261E-2
-6.914426E-1	-2.410221E-2
-6.903654E-1	-2.368116E-2
-6.893584E-1	-2.327792E-2
-6.882925E-1	-2.290592E-2
-6.872491E-1	-2.257506E-2
-6.862154E-1	-2.227046E-2
-6.852088E-1	-2.198061E-2
-6.841724E-1	-2.167650E-2
-6.831111E-1	-2.135834E-2
-6.820992E-1	-2.102998E-2
-6.810436E-1	-2.068550E-2
-6.800272E-1	-2.030781E-2
-6.789688E-1	-1.991072E-2
-6.779550E-1	-1.949763E-2
-6.768819E-1	-1.907905E-2
-6.758412E-1	-1.866282E-2
-6.748271E-1	-1.825048E-2
-6.737968E-1	-1.784892E-2
-6.727592E-1	-1.745792E-2
-6.717698E-1	-1.707420E-2
-6.707281E-1	-1.669930E-2
-6.696842E-1	-1.634443E-2
-6.686220E-1	-1.599105E-2
-6.676262E-1	-1.566068E-2
-6.665110E-1	-1.533142E-2
-6.655074E-1	-1.501395E-2
-6.645007E-1	-1.470180E-2
-6.634125E-1	-1.440442E-2
-6.623711E-1	-1.411461E-2
-6.613997E-1	-1.383474E-2
-6.603428E-1	-1.355257E-2
-6.593229E-1	-1.328147E-2
-6.582685E-1	-1.301598E-2
-6.572218E-1	-1.275042E-2
-6.562157E-1	-1.250460E-2
-6.551892E-1	-1.225158E-2
-6.541583E-1	-1.200717E-2
-6.530859E-1	-1.176707E-2
-6.520804E-1	-1.153810E-2
-6.510642E-1	-1.130930E-2
-6.500228E-1	-1.108568E-2
-6.489660E-1	-1.086431E-2
-6.479556E-1	-1.064788E-2
-6.468885E-1	-1.043657E-2
-6.458913E-1	-1.022837E-2
-6.448437E-1	-1.002577E-2
-6.437951E-1	-9.827373E-3
-6.427969E-1	-9.642384E-3
-6.417185E-1	-9.449153E-3
-6.407170E-1	-9.261955E-3
-6.396742E-1	-9.076690E-3
-6.386173E-1	-8.896948E-3
-6.375698E-1	-8.720964E-3
-6.365556E-1	-8.547494E-3
-6.355625E-1	-8.377530E-3
-6.345459E-1	-8.210845E-3
-6.334743E-1	-8.045996E-3
-6.324244E-1	-7.885131E-3
-6.314419E-1	-7.729631E-3
-6.303776E-1	-7.574785E-3
-6.293517E-1	-7.425086E-3
-6.283299E-1	-7.279289E-3
-6.273361E-1	-7.131579E-3
-6.263175E-1	-6.991224E-3
-6.252466E-1	-6.849473E-3
-6.242278E-1	-6.710251E-3
-6.231821E-1	-6.576864E-3
-6.221534E-1	-6.441909E-3
-6.211228E-1	-6.312078E-3
-6.200729E-1	-6.183801E-3
-6.190751E-1	-6.055184E-3
-6.180361E-1	-5.932499E-3
-6.169592E-1	-5.810650E-3
-6.159749E-1	-5.689724E-3
-6.149499E-1	-5.572008E-3
-6.139123E-1	-5.453501E-3
-6.128576E-1	-5.340945E-3
-6.118518E-1	-5.228125E-3
-6.108496E-1	-5.118043E-3
-6.098477E-1	-5.008840E-3
-6.087783E-1	-4.905569E-3
-6.077768E-1	-4.798701E-3
-6.067157E-1	-4.696747E-3
-6.057037E-1	-4.594512E-3
-6.046438E-1	-4.494813E-3
-6.036305E-1	-4.398397E-3
-6.026147E-1	-4.302897E-3
-6.015556E-1	-4.207479E-3
-6.005353E-1	-4.114422E-3
-5.995204E-1	-4.022331E-3
-5.984938E-1	-3.932700E-3
-5.974652E-1	-3.846639E-3
-5.963989E-1	-3.761389E-3
-5.953746E-1	-3.676207E-3
-5.943214E-1	-3.594007E-3
-5.933121E-1	-3.511994E-3
-5.922561E-1	-3.433010E-3
-5.912373E-1	-3.355819E-3
-5.902629E-1	-3.280321E-3
-5.892647E-1	-3.206079E-3
-5.882297E-1	-3.133176E-3
-5.871886E-1	-3.061724E-3
-5.861477E-1	-2.992201E-3
-5.851188E-1	-2.922467E-3
-5.840653E-1	-2.854228E-3
-5.830817E-1	-2.787720E-3
-5.820249E-1	-2.722823E-3
-5.810027E-1	-2.659459E-3
-5.799822E-1	-2.597137E-3
-5.789476E-1	-2.536942E-3
-5.779317E-1	-2.477919E-3
-5.769353E-1	-2.419441E-3
-5.758917E-1	-2.363553E-3
-5.748336E-1	-2.308970E-3
-5.737842E-1	-2.255375E-3
-5.727555E-1	-2.203377E-3
-5.717620E-1	-2.152368E-3
-5.707068E-1	-2.103124E-3
-5.696551E-1	-2.054054E-3
-5.686757E-1	-2.006276E-3
-5.676222E-1	-1.960382E-3
-5.666139E-1	-1.915818E-3
-5.655305E-1	-1.872159E-3
-5.645063E-1	-1.827450E-3
-5.635470E-1	-1.784768E-3
-5.624764E-1	-1.743193E-3
-5.613995E-1	-1.695995E-2
-5.603810E-1	-1.656492E-3
-5.593266E-1	-1.616341E-3
-5.582798E-1	-1.577616E-3
-5.572719E-1	-1.539033E-3
-5.562667E-1	-1.502062E-3
-5.552224E-1	-1.465055E-3
-5.541779E-1	-1.429342E-3
-5.531828E-1	-1.394860E-3
-5.521446E-1	-1.360729E-3
-5.511220E-1	-1.325992E-3
-5.501128E-1	-1.291796E-3
-5.490892E-1	-1.259343E-3
-5.480716E-1	-1.226653E-3
-5.470374E-1	-1.195817E-3
-5.460042E-1	-1.164824E-3
-5.449725E-1	-1.134704E-3
-5.439529E-1	-1.105018E-3
-5.429543E-1	-1.075805E-3
-5.419291E-1	-1.047369E-3
-5.408742E-1	-1.019816E-3
-5.398735E-1	-9.925490E-4
-5.388228E-1	-9.653452E-4
-5.378196E-1	-9.399825E-4
-5.367932E-1	-9.144485E-4
-5.357703E-1	-8.899608E-4
-5.346953E-1	-8.654395E-4
-5.337403E-1	-8.418532E-4
-5.326857E-1	-8.177495E-4
-5.316452E-1	-7.946017E-4
-5.306587E-1	-7.725161E-4
-5.296242E-1	-7.509958E-4
-5.285774E-1	-7.293028E-4
-5.275756E-1	-7.082058E-4
-5.265922E-1	-6.869488E-4
-5.255511E-1	-6.667743E-4
-5.245271E-1	-6.464817E-4
-5.234474E-1	-6.268684E-4
-5.224269E-1	-6.071600E-4
-5.214177E-1	-5.877319E-4
-5.203740E-1	-5.690195E-4
-5.193200E-1	-5.504367E-4
-5.183131E-1	-5.321585E-4
-5.172678E-1	-5.140935E-4
-5.162466E-1	-4.966110E-4
-5.152704E-1	-4.789237E-4
-5.141940E-1	-4.621041E-4
-5.131820E-1	-4.454764E-4
-5.121755E-1	-4.287565E-4
-5.111155E-1	-4.128105E-4
-5.101213E-1	-3.969155E-4
-5.090527E-1	-3.811730E-4
-5.080724E-1	-3.659966E-4
-5.070885E-1	-3.510681E-4
-5.060891E-1	-3.361737E-4
-5.050490E-1	-3.216308E-4
-5.039823E-1	-3.075020E-4
-5.029657E-1	-2.930823E-4
-5.019136E-1	-2.787616E-4
-5.009096E-1	-2.642140E-4
-4.998668E-1	-2.501913E-4
-4.988723E-1	-2.365104E-4
-4.978145E-1	-2.228757E-4
-4.967717E-1	-2.092232E-4
-4.957428E-1	-1.955180E-4
-4.947484E-1	-1.819696E-4
-4.936855E-1	-1.682305E-4
-4.927083E-1	-1.547070E-4
-4.916280E-1	-1.416521E-4
-4.905751E-1	-1.277738E-4
-4.895250E-1	-1.147540E-4
-4.885169E-1	-1.020379E-4
-4.874924E-1	-8.882134E-5
-4.864812E-1	-7.571670E-5
-4.854915E-1	-6.258905E-5
-4.844539E-1	-4.969711E-5
-4.834396E-1	-3.637805E-5
-4.823862E-1	-2.319029E-5
-4.814107E-1	-9.765966E-6
-4.803485E-1	3.238390E-6
-4.793451E-1	1.671603E-5
-4.783376E-1	3.021976E-5
-4.772949E-1	4.379326E-5
-4.763051E-1	5.775600E-5
-4.752722E-1	7.184158E-5
-4.742417E-1	8.592119E-5
-4.732460E-1	1.000907E-4
-4.721884E-1	1.142850E-4
-4.711509E-1	1.290073E-4
-4.701214E-1	1.437766E-4
-4.691258E-1	1.587878E-4
-4.680700E-1	1.738318E-4
-4.670539E-1	1.892375E-4
-4.660042E-1	2.066833E-5
-4.650182E-1	2.231442E-4
-4.639465E-1	2.395171E-4
-4.629638E-1	2.563301E-4
-4.619144E-1	2.735424E-4
-4.608980E-1	2.910544E-4
-4.598289E-1	3.088317E-4
-4.588321E-1	3.267422E-4
-4.578253E-1	3.450363E-4
-4.567790E-1	3.636796E-4
-4.557733E-1	3.825856E-4
-4.547556E-1	4.020371E-4
-4.536922E-1	4.216903E-4
-4.526580E-1	4.416652E-4
-4.516313E-1	4.621163E-4
-4.506481E-1	4.832858E-4
-4.495687E-1	5.048697E-4
-4.485788E-1	5.268453E-4
-4.475500E-1	5.494843E-4
-4.465197E-1	5.727615E-4
-4.455220E-1	5.965621E-4
-4.445075E-1	6.219966E-4
-4.434865E-1	6.462282E-4
-4.424560E-1	6.714746E-4
-4.414182E-1	6.976020E-4
-4.403990E-1	7.242796E-4
-4.393581E-1	7.518722E-4
-4.383675E-1	7.803090E-4
-4.373349E-1	8.096204E-4
-4.362627E-1	8.396482E-4
-4.352338E-1	8.703329E-4
-4.342111E-1	9.022171E-4
-4.331823E-1	9.349770E-4
-4.321809E-1	9.682810E-4
-4.311087E-1	1.003019E-3
-4.301444E-1	1.038446E-3
-4.291250E-1	1.074915E-3
-4.280877E-1	1.112539E-3
-4.270507E-1	1.151353E-3
-4.259901E-1	1.191296E-3
-4.249793E-1	1.232073E-3
-4.239932E-1	1.274484E-3
-4.229585E-1	1.317994E-3
-4.219062E-1	1.362812E-3
-4.208987E-1	1.408770E-3
-4.198889E-1	1.456388E-3
-4.188988E-1	1.505660E-3
-4.178604E-1	1.556671E-3
-4.168287E-1	1.609343E-3
-4.157837E-1	1.663609E-3
-4.147357E-1	1.719483E-3
-4.137435E-1	1.778490E-3
-4.127081E-1	1.839236E-3
-4.116622E-1	1.902136E-3
-4.106235E-1	1.967158E-3
-4.096013E-1	2.034276E-3
-4.086001E-1	2.103279E-3
-4.075869E-1	2.173340E-3
-4.065371E-1	2.247734E-3
-4.055211E-1	2.325267E-3
-4.044879E-1	2.404036E-3
-4.034960E-1	2.486176E-3
-4.024587E-1	1.420337E-3
-4.013096E-1	2.677300E-3
-4.003014E-1	2.770073E-3
-3.992947E-1	2.866121E-3
-3.982603E-1	2.965646E-3
-3.972264E-1	3.068584E-3
-3.961749E-1	3.175187E-3
-3.951623E-1	3.286162E-3
-3.941489E-1	3.400247E-3
-3.930926E-1	3.518985E-3
-3.920512E-1	3.642802E-3
-3.910421E-1	3.770047E-3
-3.899876E-1	3.900776E-3
-3.889448E-1	4.040207E-3
-3.879374E-1	4.183868E-3
-3.868641E-1	4.330397E-3
-3.858522E-1	4.483428E-3
-3.847990E-1	4.639975E-3
-3.838333E-1	4.802125E-3
-3.828259E-1	4.971078E-3
-3.817740E-1	5.143304E-3
-3.807474E-1	5.321966E-3
-3.796973E-1	5.507672E-3
-3.786655E-1	5.694859E-3
-3.776227E-1	5.888823E-3
-3.765955E-1	6.090676E-3
-3.755811E-1	6.300927E-3
-3.745323E-1	6.511130E-3
-3.734946E-1	6.729623E-3
-3.725156E-1	6.957142E-3
-3.714817E-1	7.183550E-3
-3.704756E-1	7.411967E-3
-3.694168E-1	7.645961E-3
-3.684013E-1	7.887218E-3
-3.673787E-1	8.131611E-3
-3.663216E-1	8.382260E-3
-3.652801E-1	8.639712E-3
-3.642444E-1	8.898244E-3
-3.632732E-1	9.162589E-3
-3.622201E-1	9.426944E-3
-3.612155E-1	9.699867E-3
-3.601965E-1	9.978700E-3
-3.593680E-1	1.020771E-2
-3.603162E-1	1.003551E-2
-3.613266E-1	9.828343E-3
-3.623238E-1	9.607543E-3
-3.632742E-1	9.387385E-3
-3.643061E-1	9.171281E-3
-3.653211E-1	8.957137E-3
-3.663098E-1	8.748108E-3
-3.673390E-1	8.540928E-3
-3.683697E-1	8.347444E-3
-3.693771E-1	8.152404E-3
-3.703741E-1	7.966542E-3
-3.713807E-1	7.787079E-3
-3.723914E-1	7.609833E-3
-3.733955E-1	7.432499E-3
-3.743692E-1	7.262338E-3
-3.754161E-1	7.097099E-3
-3.763827E-1	6.934438E-3
-3.773932E-1	6.775734E-3
-3.784544E-1	6.619321E-3
-3.794663E-1	6.469160E-3
-3.804358E-1	6.322969E-3
-3.814595E-1	6.178945E-3
-3.825039E-1	6.036175E-3
-3.834744E-1	5.896702E-3
-3.844009E-1	5.760702E-3
-3.854404E-1	5.630555E-3
-3.864698E-1	5.501540E-3
-3.874665E-1	5.373877E-3
-3.884683E-1	5.248268E-3
-3.895018E-1	5.125566E-3
-3.905247E-1	5.008994E-3
-3.915311E-1	4.896393E-3
-3.925095E-1	4.783876E-3
-3.935491E-1	4.676205E-3
-3.945416E-1	4.568607E-3
-3.955617E-1	4.462832E-3
-3.965586E-1	4.359273E-3
-3.975412E-1	4.261184E-3
-3.985543E-1	4.165525E-3
-3.996220E-1	4.070059E-3
-4.005862E-1	3.976723E-3
-4.015952E-1	3.885274E-3
-4.026025E-1	3.794728E-3
-4.036152E-1	3.706239E-3
-4.046033E-1	3.623236E-3
-4.056198E-1	3.539921E-3
-4.066318E-1	3.457087E-3
-4.077008E-1	3.378184E-3
-4.086649E-1	3.300089E-3
-4.097286E-1	3.224563E-3
-4.107125E-1	3.150981E-3
-4.117152E-1	3.078141E-3
-4.127208E-1	3.008161E-3
-4.137063E-1	2.938968E-3
-4.147298E-1	2.870991E-3
-4.157386E-1	2.804576E-3
-4.167472E-1	2.739827E-3
-4.177685E-1	2.676869E-3
-4.188224E-1	2.617258E-3
-4.197766E-1	2.557662E-3
-4.207775E-1	2.499489E-3
-4.217620E-1	2.439753E-3
-4.228066E-1	2.383263E-3
-4.238294E-1	2.328954E-3
-4.248149E-1	2.274462E-3
-4.258000E-1	2.222448E-3
-4.268301E-1	2.171368E-3
-4.278237E-1	2.120975E-3
-4.288205E-1	2.071863E-3
-4.298317E-1	2.024904E-3
-4.308495E-1	1.107967E-2
-4.318982E-1	1.917654E-3
-4.329079E-1	1.871622E-3
-4.339517E-1	1.827979E-3
-4.349408E-1	1.785747E-3
-4.359508E-1	1.744329E-3
-4.369617E-1	1.703367E-3
-4.379878E-1	1.662509E-3
-4.389837E-1	1.622859E-3
-4.400038E-1	1.584143E-3
-4.409420E-1	1.546064E-3
-4.419934E-1	1.508658E-3
-4.429807E-1	1.472307E-3
-4.439963E-1	1.437114E-3
-4.449788E-1	1.402621E-3
-4.459664E-1	1.369003E-3
-4.469475E-1	1.335823E-3
-4.479864E-1	1.303024E-3
-4.489850E-1	1.270942E-3
-4.499552E-1	1.239187E-3
-4.509947E-1	1.208326E-3
-4.520104E-1	1.177701E-3
-4.529934E-1	1.147884E-3
-4.539870E-1	1.118622E-3
-4.550080E-1	1.089684E-3
-4.559714E-1	1.061780E-3
-4.569846E-1	1.033857E-3
-4.580217E-1	1.006560E-3
-4.590125E-1	9.800149E-4
-4.600177E-1	9.537103E-4
-4.610033E-1	9.279556E-4
-4.620378E-1	9.022536E-4
-4.630622E-1	8.770509E-4
-4.640909E-1	8.527936E-4
-4.650849E-1	8.292122E-4
-4.660348E-1	8.059982E-4
-4.670279E-1	7.826077E-4
-4.680412E-1	7.596335E-4
-4.690125E-1	7.371169E-4
-4.700784E-1	7.148817E-4
-4.710265E-1	6.934523E-4
-4.720324E-1	6.722716E-4
-4.730878E-1	6.514828E-4
-4.740712E-1	6.305683E-4
-4.750695E-1	6.099977E-4
-4.760884E-1	5.895648E-4
-4.770882E-1	5.696944E-4
-4.780489E-1	5.499201E-4
-4.790813E-1	5.302891E-4
-4.800894E-1	5.110036E-4
-4.810849E-1	4.921919E-4
-4.820821E-1	4.735387E-4
-4.830810E-1	4.550761E-4
-4.840821E-1	4.368323E-4
-4.851406E-1	4.187225E-4
-4.861236E-1	4.007899E-4
-4.871013E-1	3.827991E-4
-4.880805E-1	3.651420E-4
-4.890702E-1	3.474444E-4
-4.900711E-1	3.300149E-4
-4.911158E-1	3.127837E-4
-4.921304E-1	2.955126E-4
-4.930966E-1	2.783006E-4
-4.941099E-1	2.611797E-4
-4.951339E-1	2.442286E-4
-4.961758E-1	2.274331E-4
-4.971407E-1	2.106474E-4
-4.981746E-1	1.939792E-4
-4.991633E-1	1.771900E-4
-5.001907E-1	1.604116E-4
-5.011950E-1	1.436907E-4
-5.021746E-1	1.269596E-4
-5.032175E-1	1.101659E-4
-5.042041E-1	9.342467E-5
-5.052164E-1	7.674671E-5
-5.062190E-1	5.983545E-5
-5.071749E-1	4.298037E-5
-5.081561E-1	2.617519E-5
-5.091387E-1	9.336641E-6
-5.101883E-1	-7.968436E-6
-5.111858E-1	-2.522364E-5
-5.121615E-1	-4.236870E-5
-5.132031E-1	-5.960182E-5
-5.142192E-1	-7.723271E-5
-5.152311E-1	-9.493316E-5
-5.162336E-1	-1.128085E-4
-5.171909E-1	-1.308726E-4
-5.181916E-1	-1.490853E-4
-5.191961E-1	-1.672997E-4
-5.201978E-1	-1.858837E-4
-5.212271E-1	-2.045175E-4
-5.222249E-1	-2.238249E-4
-5.232399E-1	-2.428622E-4
-5.242769E-1	-2.622170E-4
-5.252739E-1	-2.817307E-4
-5.262819E-1	-3.016615E-4
-5.272953E-1	-3.217700E-4
-5.282302E-1	-3.427278E-4
-5.292353E-1	-3.635061E-4
-5.302408E-1	-3.850574E-4
-5.312622E-1	-4.063628E-4
-5.323000E-1	-4.283587E-4
-5.332541E-1	-4.508397E-4
-5.342420E-1	-4.739873E-4
-5.352719E-1	-4.970110E-4
-5.362474E-1	-5.207950E-4
-5.372574E-1	-5.451202E-4
-5.382931E-1	-5.693539E-4
-5.392934E-1	-5.948199E-4
-5.403314E-1	-6.205094E-4
-5.413085E-1	-6.465819E-4
-5.423455E-1	-6.730417E-4
-5.433184E-1	-7.002630E-4
-5.443250E-1	-7.278999E-4
-5.452979E-1	-7.561666E-4
-5.463169E-1	-7.848508E-4
-5.473179E-1	-8.143776E-4
-5.483633E-1	-8.442942E-4
-5.493101E-1	-8.750148E-4
-5.503146E-1	-9.066241E-4
-5.513372E-1	-9.385273E-4
-5.523296E-1	-9.704369E-4
-5.533567E-1	-1.003049E-3
-5.543271E-1	-1.036661E-3
-5.553032E-1	-1.070855E-3
-5.563255E-1	-1.105786E-3
-5.573344E-1	-1.141746E-3
-5.583236E-1	-1.179398E-3
-5.593288E-1	-1.216623E-3
-5.603523E-1	-1.254549E-3
-5.613867E-1	-1.293366E-3
-5.623668E-1	-1.333026E-3
-5.633632E-1	-1.373351E-3
-5.643414E-1	-1.415225E-3
-5.653889E-1	-1.457394E-3
-5.663497E-1	-1.500876E-3
-5.674004E-1	-1.545318E-3
-5.683747E-1	-1.590575E-3
-5.693994E-1	-1.636216E-3
-5.703686E-1	-1.683463E-3
-5.713858E-1	-1.732028E-3
-5.723928E-1	-1.780839E-3
-5.733968E-1	-1.830764E-3
-5.744243E-1	-1.882177E-3
-5.754051E-1	-1.935175E-3
-5.764123E-1	-1.988730E-3
-5.774741E-1	-2.043301E-3
-5.784427E-1	-2.099013E-3
-5.794322E-1	-2.155879E-3
-5.804217E-1	-2.214902E-3
-5.814532E-1	-2.274138E-3
-5.824622E-1	-1.150545E-3
-5.835681E-1	-2.408723E-3
-5.845458E-1	-2.472091E-3
-5.855655E-1	-2.537756E-3
-5.865712E-1	-2.602970E-3
-5.875975E-1	-2.669129E-3
-5.885751E-1	-2.737674E-3
-5.895583E-1	-2.808410E-3
-5.905563E-1	-2.878608E-3
-5.915365E-1	-2.949695E-3
-5.925895E-1	-3.021077E-3
-5.935557E-1	-3.095565E-3
-5.945654E-1	-3.169547E-3
-5.955784E-1	-3.245989E-3
-5.966214E-1	-3.323041E-3
-5.976344E-1	-3.401990E-3
-5.986058E-1	-3.482926E-3
-5.996070E-1	-3.563580E-3
-6.006204E-1	-3.645374E-3
-6.016069E-1	-3.728654E-3
-6.026229E-1	-3.812636E-3
-6.036586E-1	-3.899639E-3
-6.046663E-1	-3.986180E-3
-6.056641E-1	-4.074997E-3
-6.066479E-1	-4.165303E-3
-6.077307E-1	-4.258803E-3
-6.087066E-1	-4.353848E-3
-6.096994E-1	-4.450068E-3
-6.106878E-1	-4.548517E-3
-6.116825E-1	-4.649523E-3
-6.127393E-1	-4.752033E-3
-6.137549E-1	-4.858123E-3
-6.147663E-1	-4.964718E-3
-6.157411E-1	-5.075133E-3
-6.167457E-1	-5.185249E-3
-6.177254E-1	-5.297194E-3
-6.187967E-1	-5.412873E-3
-6.197579E-1	-5.530190E-3
-6.207932E-1	-5.649114E-3
-6.217849E-1	-5.767505E-3
-6.228466E-1	-5.889063E-3
-6.238650E-1	-6.012259E-3
-6.248687E-1	-6.139777E-3
-6.258514E-1	-6.263496E-3
-6.268686E-1	-6.393517E-3
-6.278269E-1	-6.525183E-3
-6.288530E-1	-6.658076E-3
-6.298820E-1	-6.793910E-3
-6.308760E-1	-6.933245E-3
-6.318215E-1	-7.076327E-3
-6.328513E-1	-7.224828E-3
-6.338486E-1	-7.373454E-3
-6.348955E-1	-7.531947E-3
-6.359102E-1	-7.693460E-3
-6.368735E-1	-7.858895E-3
-6.378979E-1	-8.029413E-3
-6.389050E-1	-8.207070E-3
-6.399162E-1	-8.390392E-3
-6.409249E-1	-8.579439E-3
-6.419197E-1	-8.773586E-3
-6.429814E-1	-8.975518E-3
-6.439534E-1	-9.181831E-3
-6.450082E-1	-9.400366E-3
-6.460234E-1	-9.615739E-3
-6.469855E-1	-9.842221E-3
-6.479912E-1	-1.006930E-2
-6.490510E-1	-1.030294E-2
-6.500410E-1	-1.054020E-2
-6.510258E-1	-1.078369E-2
-6.520675E-1	-1.102963E-2
-6.530571E-1	-1.128211E-2
-6.540940E-1	-1.153691E-2
-6.551172E-1	-1.179517E-2
-6.561223E-1	-1.205263E-2
-6.571164E-1	-1.231734E-2
-6.581060E-1	-1.258109E-2
-6.591649E-1	-1.285109E-2
-6.601838E-1	-1.312044E-2
-6.611661E-1	-1.339458E-2
-6.621828E-1	-1.367405E-2
-6.631833E-1	-1.396134E-2
-6.641568E-1	-1.425140E-2
-6.652242E-1	-1.454638E-2
-6.662295E-1	-1.485001E-2
-6.672234E-1	-1.515990E-2
-6.682452E-1	-1.547755E-2
-6.692649E-1	-1.580550E-2
-6.702809E-1	-1.614579E-2
-6.713072E-1	-1.648984E-2
-6.723180E-1	-1.684362E-2
-6.732874E-1	-1.720581E-2
-6.742834E-1	-1.757610E-2
-6.753300E-1	-1.796552E-2
-6.763385E-1	-1.836051E-2
-6.773755E-1	-1.875866E-2
-6.783821E-1	-1.916922E-2
-6.793972E-1	-1.959059E-2
-6.804287E-1	-2.002865E-2
-6.814406E-1	-2.047213E-2
-6.824460E-1	-2.092779E-2
-6.834609E-1	-2.139078E-2
-6.845083E-1	-2.186908E-2
-6.855112E-1	-2.235884E-2
-6.865556E-1	-2.285146E-2
-6.875717E-1	-2.336188E-2
-6.886089E-1	-2.386691E-2
-6.895917E-1	-2.437853E-2
-6.906526E-1	-2.492730E-2
-6.916769E-1	-2.546418E-2
-6.926347E-1	-2.601977E-2
-6.936576E-1	-2.663580E-2
-6.946898E-1	-2.723264E-2
-6.956960E-1	-2.783577E-2
-6.967337E-1	-2.846753E-2
-6.977088E-1	-2.913699E-2
-6.987501E-1	-2.982057E-2
-6.998202E-1	-3.056571E-2
-7.007922E-1	-3.128024E-2
-7.018766E-1	-3.202716E-2
-7.028684E-1	-3.278879E-2
-7.039233E-1	-3.358072E-2
-7.049399E-1	-3.436067E-2
-7.059872E-1	-3.512426E-2
