-7.116589E-1	-3.665196E-2
-7.109047E-1	-3.511635E-2
-7.116588E-1	-3.466029E-2
-7.126616E-1	-3.441736E-2
-7.136407E-1	-3.433873E-2
-7.146427E-1	-3.429170E-2
-7.154849E-1	-3.420602E-2
-7.145349E-1	-3.326732E-2
-7.134809E-1	-3.229751E-2
-7.124323E-1	-3.140786E-2
-7.113835E-1	-3.059292E-2
-7.103345E-1	-2.980638E-2
-7.092837E-1	-2.903747E-2
-7.082379E-1	-2.830857E-2
-7.072000E-1	-2.762777E-2
-7.061570E-1	-2.697042E-2
-7.051168E-1	-2.634098E-2
-7.040462E-1	-2.571967E-2
-7.030072E-1	-2.512096E-2
-7.019312E-1	-2.457592E-2
-7.008904E-1	-2.402696E-2
-6.998322E-1	-2.351500E-2
-6.987970E-1	-2.299276E-2
-6.977710E-1	-2.248061E-2
-6.967124E-1	-2.199592E-2
-6.956851E-1	-2.150832E-2
-6.946170E-1	-2.105093E-2
-6.935816E-1	-2.058672E-2
-6.925655E-1	-2.015074E-2
-6.915314E-1	-1.971870E-2
-6.905010E-1	-1.930297E-2
-6.894421E-1	-1.889010E-2
-6.884046E-1	-1.847482E-2
-6.873266E-1	-1.807976E-2
-6.862976E-1	-1.771572E-2
-6.852279E-1	-1.732752E-2
-6.842089E-1	-1.697294E-2
-6.831791E-1	-1.659781E-2
-6.821513E-1	-1.625919E-2
-6.811038E-1	-1.591136E-2
-6.800822E-1	-1.557780E-2
-6.790056E-1	-1.524384E-2
-6.779881E-1	-1.491874E-2
-6.769318E-1	-1.460861E-2
-6.758903E-1	-1.429058E-2
-6.748403E-1	-1.399545E-2
-6.738217E-1	-1.369201E-2
-6.727910E-1	-1.340205E-2
-6.718000E-1	-1.311386E-2
-6.707806E-1	-1.283762E-2
-6.697182E-1	-1.255798E-2
-6.687022E-1	-1.228365E-2
-6.676579E-1	-1.201791E-2
-6.665916E-1	-1.176044E-2
-6.655566E-1	-1.150120E-2
-6.645141E-1	-1.125340E-2
-6.634831E-1	-1.100900E-2
-6.624474E-1	-1.076458E-2
-6.614187E-1	-1.052588E-2
-6.603849E-1	-1.029626E-2
-6.593362E-1	-1.006943E-2
-6.583017E-1	-9.849510E-3
-6.572751E-1	-9.633708E-3
-6.562525E-1	-9.421611E-3
-6.552354E-1	-9.215899E-3
-6.542183E-1	-9.009896E-3
-6.531623E-1	-8.809679E-3
-6.521259E-1	-8.615084E-3
-6.510952E-1	-8.418466E-3
-6.500551E-1	-8.230961E-3
-6.490169E-1	-8.045756E-3
-6.479977E-1	-7.864639E-3
-6.469669E-1	-7.687810E-3
-6.459496E-1	-7.509475E-3
-6.448921E-1	-7.338365E-3
-6.438818E-1	-7.171313E-3
-6.428434E-1	-7.005206E-3
-6.418037E-1	-6.847411E-3
-6.407588E-1	-6.688844E-3
-6.397180E-1	-6.533048E-3
-6.386880E-1	-6.382240E-3
-6.376490E-1	-6.233585E-3
-6.366377E-1	-6.090880E-3
-6.356106E-1	-5.946762E-3
-6.345887E-1	-5.807958E-3
-6.335296E-1	-5.671467E-3
-6.324984E-1	-5.538201E-3
-6.314736E-1	-5.407972E-3
-6.304429E-1	-5.279215E-3
-6.294211E-1	-5.153072E-3
-6.283865E-1	-5.031895E-3
-6.273402E-1	-4.912341E-3
-6.263343E-1	-4.795452E-3
-6.253103E-1	-4.679653E-3
-6.242612E-1	-4.567793E-3
-6.232462E-1	-4.459540E-3
-6.222194E-1	-4.351486E-3
-6.211572E-1	-4.244993E-3
-6.201171E-1	-4.142174E-3
-6.190919E-1	-4.042951E-3
-6.180493E-1	-3.944958E-3
-6.170298E-1	-3.851016E-3
-6.160153E-1	-3.757423E-3
-6.149916E-1	-3.664900E-3
-6.139719E-1	-3.575632E-3
-6.129393E-1	-3.487332E-3
-6.118982E-1	-3.402871E-3
-6.108845E-1	-3.321034E-3
-6.098738E-1	-3.240581E-3
-6.088666E-1	-3.159471E-3
-6.078221E-1	-3.081512E-3
-6.067931E-1	-3.005903E-3
-6.057540E-1	-2.932178E-3
-6.047290E-1	-2.858971E-3
-6.036866E-1	-2.788265E-3
-6.026629E-1	-2.719138E-3
-6.016187E-1	-2.651136E-3
-6.006085E-1	-2.585265E-3
-5.995725E-1	-2.521064E-3
-5.985412E-1	-2.458045E-3
-5.975030E-1	-2.397000E-3
-5.964722E-1	-2.336548E-3
-5.954383E-1	-2.277415E-3
-5.943946E-1	-2.219213E-3
-5.933658E-1	-2.163443E-3
-5.923429E-1	-2.108991E-3
-5.913035E-1	-2.055660E-3
-5.902941E-1	-2.003196E-3
-5.893020E-1	-1.952692E-3
-5.882754E-1	-1.903582E-3
-5.872286E-1	-1.854826E-3
-5.862086E-1	-1.808412E-3
-5.850829E-1	-1.754565E-3
-5.840681E-1	-1.710271E-3
-5.830208E-1	-1.666288E-3
-5.820021E-1	-1.622941E-3
-5.809688E-1	-1.580762E-3
-5.799500E-1	-1.540009E-3
-5.789455E-1	-1.500197E-3
-5.779088E-1	-1.462697E-3
-5.768987E-1	-1.424795E-3
-5.758478E-1	-1.388034E-3
-5.748212E-1	-1.352055E-3
-5.737823E-1	-1.316518E-3
-5.727643E-1	-1.282425E-3
-5.717392E-1	-1.248813E-3
-5.707009E-1	-1.215572E-3
-5.696662E-1	-1.182966E-3
-5.686583E-1	-1.150894E-3
-5.676307E-1	-1.120077E-3
-5.666018E-1	-1.090502E-3
-5.655721E-1	-1.061778E-3
-5.645612E-1	-1.033060E-3
-5.635346E-1	-1.005146E-3
-5.625087E-1	-9.776518E-4
-5.614852E-1	-9.509999E-4
-5.604568E-1	-9.247298E-4
-5.594128E-1	-8.986163E-4
-5.583634E-1	-8.736381E-4
-5.573289E-1	-8.492328E-4
-5.563076E-1	-8.255161E-4
-5.552869E-1	-8.015511E-4
-5.542565E-1	-7.783878E-4
-5.532588E-1	-7.552008E-4
-5.522301E-1	-7.331963E-4
-5.511830E-1	-7.118321E-4
-5.501503E-1	-6.902042E-4
-5.491332E-1	-6.693942E-4
-5.481196E-1	-6.477100E-4
-5.471069E-1	-6.289892E-4
-5.460728E-1	-6.095819E-4
-5.450413E-1	-5.908821E-4
-5.440209E-1	-5.721639E-4
-5.430126E-1	-5.542769E-4
-5.419917E-1	-5.363506E-4
-5.409601E-1	-5.189392E-4
-5.399316E-1	-5.021348E-4
-5.389032E-1	-4.852621E-4
-5.378706E-1	-4.681254E-4
-5.368447E-1	-4.516865E-4
-5.358142E-1	-4.353771E-4
-5.347806E-1	-4.193477E-4
-5.337544E-1	-4.037691E-4
-5.327461E-1	-3.880127E-4
-5.317118E-1	-3.728632E-4
-5.306846E-1	-3.578782E-4
-5.296409E-1	-3.428572E-4
-5.286062E-1	-3.285451E-4
-5.276192E-1	-3.143760E-4
-5.266131E-1	-3.001523E-4
-5.255750E-1	-2.859116E-4
-5.245526E-1	-2.725349E-4
-5.235171E-1	-2.589096E-4
-5.224760E-1	-2.455439E-4
-5.214536E-1	-2.320450E-4
-5.204171E-1	-2.187512E-4
-5.193807E-1	-2.056385E-4
-5.183479E-1	-1.927820E-4
-5.173453E-1	-1.800388E-4
-5.163187E-1	-1.671850E-4
-5.153012E-1	-1.548074E-4
-5.142028E-1	-1.414442E-3
-5.131916E-1	-1.294274E-4
-5.121640E-1	-1.172554E-4
-5.111359E-1	-1.052147E-4
-5.101001E-1	-9.294295E-5
-5.090677E-1	-8.079499E-5
-5.080824E-1	-6.888050E-5
-5.070882E-1	-5.694112E-5
-5.060776E-1	-4.501118E-5
-5.050404E-1	-3.315749E-5
-5.040232E-1	-2.134997E-5
-5.029904E-1	-9.488310E-6
-5.019622E-1	2.842047E-6
-5.009245E-1	1.507875E-5
-4.998940E-1	2.667836E-5
-4.988865E-1	3.859810E-5
-4.978527E-1	5.100264E-5
-4.968586E-1	6.272548E-5
-4.958410E-1	7.474128E-5
-4.948188E-1	8.737279E-5
-4.937910E-1	9.942103E-5
-4.927552E-1	1.121313E-4
-4.917316E-1	1.244204E-4
-4.907078E-1	1.366909E-4
-4.896946E-1	1.495164E-4
-4.886820E-1	1.623550E-4
-4.876598E-1	1.758699E-4
-4.866598E-1	1.890026E-4
-4.856481E-1	2.024698E-4
-4.846329E-1	2.161935E-4
-4.835901E-1	2.304594E-4
-4.825716E-1	2.446820E-4
-4.814274E-1	2.611009E-4
-4.803785E-1	2.763156E-4
-4.793560E-1	2.915291E-4
-4.783380E-1	3.069503E-4
-4.773180E-1	3.224809E-4
-4.762899E-1	3.388417E-4
-4.752786E-1	3.549659E-4
-4.742494E-1	3.717074E-4
-4.732285E-1	3.887304E-4
-4.721754E-1	4.062689E-4
-4.711665E-1	4.241689E-4
-4.701302E-1	4.424647E-4
-4.690990E-1	4.614709E-4
-4.680619E-1	4.809732E-4
-4.670514E-1	5.009602E-4
-4.660457E-1	5.215914E-4
-4.650514E-1	5.428600E-4
-4.640359E-1	5.646883E-4
-4.630072E-1	5.871833E-4
-4.619760E-1	6.104574E-4
-4.609330E-1	6.344277E-4
-4.599102E-1	6.594196E-4
-4.588740E-1	6.849397E-4
-4.578477E-1	7.113270E-4
-4.568247E-1	7.386789E-4
-4.558143E-1	7.668068E-4
-4.547885E-1	7.957869E-4
-4.537786E-1	8.257792E-4
-4.527441E-1	8.569464E-4
-4.517193E-1	8.890227E-4
-4.506929E-1	9.227742E-4
-4.496685E-1	9.577576E-4
-4.486237E-1	9.940623E-4
-4.476005E-1	1.031841E-3
-4.480078E-1	1.030756E-3
-4.490204E-1	1.014307E-3
-4.500253E-1	9.968627E-4
-4.510373E-1	9.785585E-4
-4.520461E-1	9.594708E-4
-4.530665E-1	9.398692E-4
-4.540694E-1	9.199172E-4
-4.550750E-1	8.995779E-4
-4.560741E-1	8.789991E-4
-4.570803E-1	8.584474E-4
-4.580832E-1	8.378966E-4
-4.591054E-1	8.172111E-4
-4.600970E-1	7.967827E-4
-4.611033E-1	7.765851E-4
-4.621268E-1	7.563863E-4
-4.631456E-1	7.359580E-4
-4.641540E-1	7.162890E-4
-4.651523E-1	6.965967E-4
-4.661241E-1	6.771204E-4
-4.670926E-1	6.577304E-4
-4.680911E-1	6.384748E-4
-4.691072E-1	6.193530E-4
-4.701153E-1	6.005088E-4
-4.711194E-1	5.818612E-4
-4.721421E-1	5.632809E-4
-4.731457E-1	5.451008E-4
-4.741564E-1	5.272717E-4
-4.751635E-1	5.097437E-4
-4.761416E-1	4.921487E-4
-4.771444E-1	4.749893E-4
-4.781496E-1	4.579597E-4
-4.791421E-1	4.412932E-4
-4.801684E-1	4.247411E-4
-4.811726E-1	4.081228E-4
-4.821676E-1	3.920805E-4
-4.831973E-1	3.762821E-4
-4.842124E-1	3.605927E-4
-4.852142E-1	3.449022E-4
-4.862193E-1	3.295952E-4
-4.871922E-1	3.140899E-4
-4.882023E-1	2.988186E-4
-4.892091E-1	2.836860E-4
-4.902313E-1	2.687280E-4
-4.912199E-1	2.539307E-4
-4.922460E-1	2.391954E-4
-4.932400E-1	2.246103E-4
-4.942426E-1	2.101296E-4
-4.952550E-1	1.956433E-4
-4.962736E-1	1.810905E-4
-4.972416E-1	1.666995E-4
-4.982527E-1	1.522947E-4
-4.992556E-1	1.380025E-4
-5.002633E-1	1.237637E-4
-5.012679E-1	1.094737E-4
-5.022820E-1	9.517824E-5
-5.033059E-1	8.085473E-5
-5.043091E-1	6.657136E-5
-5.053233E-1	5.221625E-5
-5.063404E-1	3.791556E-5
-5.073062E-1	2.346890E-5
-5.082953E-1	9.090326E-6
-5.092735E-1	-5.209207E-6
-5.103120E-1	-1.978384E-5
-5.113205E-1	-3.434168E-5
-5.123132E-1	-4.897656E-5
-5.133259E-1	-6.366459E-5
-5.143560E-1	-7.857179E-5
-5.153593E-1	-9.358904E-5
-5.163618E-1	-1.086003E-4
-5.173599E-1	-1.235806E-4
-5.183596E-1	-1.387234E-4
-5.193649E-1	-1.540684E-4
-5.203593E-1	-1.697864E-4
-5.213708E-1	-1.857486E-4
-5.223718E-1	-2.015178E-4
-5.233826E-1	-2.174430E-4
-5.244021E-1	-2.337734E-4
-5.253833E-1	-2.504538E-4
-5.264221E-1	-2.675471E-4
-5.274070E-1	-2.847434E-4
-5.283759E-1	-3.018309E-4
-5.293886E-1	-3.199349E-4
-5.303915E-1	-3.382003E-4
-5.313969E-1	-3.566214E-4
-5.323922E-1	-3.751442E-4
-5.333949E-1	-3.943688E-4
-5.343797E-1	-4.134661E-4
-5.353623E-1	-4.331306E-4
-5.363716E-1	-4.532266E-4
-5.374055E-1	-4.737188E-4
-5.384073E-1	-4.949172E-4
-5.394234E-1	-5.162166E-4
-5.404282E-1	-5.381836E-4
-5.414400E-1	-5.605611E-4
-5.424469E-1	-5.832857E-4
-5.434461E-1	-6.069277E-4
-5.444254E-1	-6.310074E-4
-5.454441E-1	-6.559037E-4
-5.464629E-1	-6.812874E-4
-5.474608E-1	-7.067904E-4
-5.484439E-1	-7.324198E-4
-5.494273E-1	-7.596773E-4
-5.504323E-1	-7.870461E-4
-5.514238E-1	-8.147032E-4
-5.524489E-1	-8.425894E-4
-5.534403E-1	-8.721553E-4
-5.544432E-1	-9.011765E-4
-5.554362E-1	-9.321205E-4
-5.564289E-1	-9.629469E-4
-5.574473E-1	-9.940206E-4
-5.584586E-1	-1.026938E-3
-5.594703E-1	-1.060592E-3
-5.604743E-1	-1.095445E-3
-5.615080E-1	-1.130814E-3
-5.625064E-1	-1.166890E-3
-5.635131E-1	-1.203470E-3
-5.644954E-1	-1.241569E-3
-5.654715E-1	-1.279717E-3
-5.664947E-1	-1.318623E-3
-5.674841E-1	-1.358597E-3
-5.685021E-1	-1.399519E-3
-5.695039E-1	-1.441994E-3
-5.705078E-1	-1.484723E-3
-5.715054E-1	-1.528103E-3
-5.725105E-1	-1.574093E-3
-5.735061E-1	-1.620760E-3
-5.745269E-1	-1.668773E-3
-5.755264E-1	-1.718058E-3
-5.765313E-1	-1.768675E-3
-5.775259E-1	-1.819244E-3
-5.785242E-1	-1.871530E-3
-5.795372E-1	-1.925494E-3
-5.805341E-1	-1.980413E-3
-5.815390E-1	-2.036347E-3
-5.825558E-1	-2.094036E-3
-5.835594E-1	-2.151885E-3
-5.845580E-1	-2.212714E-3
-5.855821E-1	-2.275449E-3
-5.865854E-1	-2.339241E-3
-5.875908E-1	-2.402695E-3
-5.885888E-1	-2.468471E-3
-5.895990E-1	-2.536702E-3
-5.905618E-1	-2.605470E-3
-5.916773E-1	-2.689990E-3
-5.926687E-1	-2.765152E-3
-5.936819E-1	-2.841473E-3
-5.947027E-1	-2.917237E-3
-5.957161E-1	-2.994578E-3
-5.967264E-1	-3.072934E-3
-5.977569E-1	-3.153952E-3
-5.987594E-1	-3.236315E-3
-5.997741E-1	-3.323348E-3
-6.007528E-1	-3.408658E-3
-6.017722E-1	-3.495747E-3
-6.027716E-1	-3.585171E-3
-6.037795E-1	-3.677155E-3
-6.047846E-1	-3.769031E-3
-6.058138E-1	-3.862879E-3
-6.068026E-1	-3.958150E-3
-6.078180E-1	-4.055974E-3
-6.088453E-1	-4.154932E-3
-6.098500E-1	-4.254711E-3
-6.108238E-1	-4.357942E-3
-6.118253E-1	-4.461933E-3
-6.128362E-1	-4.567775E-3
-6.138546E-1	-4.673826E-3
-6.148674E-1	-4.784086E-3
-6.158842E-1	-4.894129E-3
-6.168648E-1	-5.006154E-3
-6.178768E-1	-5.120520E-3
-6.188705E-1	-5.237007E-3
-6.198975E-1	-5.356225E-3
-6.209219E-1	-5.474124E-3
-6.219338E-1	-5.596191E-3
-6.229569E-1	-5.721757E-3
-6.239807E-1	-5.845410E-3
-6.249761E-1	-5.974709E-3
-6.259952E-1	-6.102729E-3
-6.269768E-1	-6.233648E-3
-6.279939E-1	-6.365113E-3
-6.289844E-1	-6.498955E-3
-6.299969E-1	-6.636640E-3
-6.309810E-1	-6.772600E-3
-6.319732E-1	-6.916036E-3
-6.329922E-1	-7.057802E-3
-6.340108E-1	-7.200679E-3
-6.350193E-1	-7.349306E-3
-6.360213E-1	-7.498621E-3
-6.370198E-1	-7.650884E-3
-6.380381E-1	-7.805606E-3
-6.390495E-1	-7.960148E-3
-6.400562E-1	-8.121691E-3
-6.410780E-1	-8.281879E-3
-6.420877E-1	-8.446819E-3
-6.431162E-1	-8.612500E-3
-6.441178E-1	-8.779049E-3
-6.451221E-1	-8.956054E-3
-6.461535E-1	-9.126199E-3
-6.471282E-1	-9.302614E-3
-6.481322E-1	-9.477867E-3
-6.491405E-1	-9.661765E-3
-6.501578E-1	-9.845305E-3
-6.511558E-1	-1.002953E-2
-6.521879E-1	-1.021918E-2
-6.532163E-1	-1.041362E-2
-6.542117E-1	-1.060574E-2
-6.552234E-1	-1.080565E-2
-6.562597E-1	-1.101177E-2
-6.572606E-1	-1.121284E-2
-6.582488E-1	-1.142324E-2
-6.592622E-1	-1.163634E-2
-6.602879E-1	-1.184984E-2
-6.613078E-1	-1.206762E-2
-6.622960E-1	-1.228022E-2
-6.632973E-1	-1.250928E-2
-6.643151E-1	-1.273276E-2
-6.653259E-1	-1.297170E-2
-6.663465E-1	-1.320277E-2
-6.673891E-1	-1.344667E-2
-6.684127E-1	-1.368672E-2
-6.694341E-1	-1.393593E-2
-6.704640E-1	-1.418805E-2
-6.714534E-1	-1.443402E-2
-6.724304E-1	-1.469056E-2
-6.734000E-1	-1.494762E-2
-6.744358E-1	-1.520654E-2
-6.754444E-1	-1.547702E-2
-6.764573E-1	-1.575326E-2
-6.774937E-1	-1.602896E-2
-6.785089E-1	-1.630632E-2
-6.795279E-1	-1.659221E-2
-6.805418E-1	-1.688277E-2
-6.815520E-1	-1.716793E-2
-6.825577E-1	-1.745635E-2
-6.835805E-1	-1.775894E-2
-6.846121E-1	-1.806413E-2
-6.856156E-1	-1.836508E-2
-6.866566E-1	-1.867779E-2
-6.876770E-1	-1.899139E-2
-6.886813E-1	-1.931224E-2
-6.897243E-1	-1.963080E-2
-6.907166E-1	-1.996586E-2
-6.917367E-1	-2.027944E-2
-6.927313E-1	-2.059477E-2
-6.937440E-1	-2.094104E-2
-6.947521E-1	-2.129897E-2
-6.957808E-1	-2.162337E-2
-6.968078E-1	-2.198540E-2
-6.978104E-1	-2.233252E-2
-6.988363E-1	-2.266905E-2
-6.998602E-1	-2.305831E-2
-7.008571E-1	-2.342423E-2
-7.018806E-1	-2.379022E-2
-7.028979E-1	-2.415325E-2
-7.039386E-1	-2.454437E-2
-7.049692E-1	-2.490171E-2
-7.060000E-1	-2.531974E-2
-7.070005E-1	-2.570832E-2
-7.080084E-1	-2.608747E-2
-7.090224E-1	-2.643846E-2
-7.100455E-1	-2.689542E-2
