-5.071389E-1	-2.771006E-4
-5.069590E-1	-2.774100E-4
-5.068755E-1	-2.770106E-4
-5.067690E-1	-2.763570E-4
-5.066777E-1	-2.758287E-4
-5.065257E-1	-2.752048E-4
-5.064472E-1	-2.743470E-4
-5.063167E-1	-2.733586E-4
-5.062386E-1	-2.725489E-4
-5.060923E-1	-2.714267E-4
-5.060046E-1	-2.701284E-4
-5.058429E-1	-2.688242E-4
-5.057864E-1	-2.677394E-4
-5.056388E-1	-2.662937E-4
-5.055126E-1	-2.647801E-4
-5.053992E-1	-2.631131E-4
-5.053177E-1	-2.615879E-4
-5.051672E-1	-2.598301E-4
-5.050672E-1	-2.585000E-4
-5.049448E-1	-2.566051E-4
-5.048397E-1	-2.561122E-4
-5.047101E-1	-2.550643E-4
-5.046570E-1	-2.537587E-4
-5.045304E-1	-2.524929E-4
-5.044003E-1	-2.512713E-4
-5.042729E-1	-2.497833E-4
-5.041425E-1	-2.481247E-4
-5.040807E-1	-2.476579E-4
-5.039714E-1	-2.454800E-4
-5.038264E-1	-2.440619E-4
-5.036884E-1	-2.425344E-4
-5.035944E-1	-2.408972E-4
-5.034701E-1	-2.393933E-4
-5.033773E-1	-2.378283E-4
-5.032777E-1	-2.370277E-4
-5.031151E-1	-2.347607E-4
-5.029998E-1	-2.334444E-4
-5.029364E-1	-2.317726E-4
-5.028115E-1	-2.298694E-4
-5.027062E-1	-2.280276E-4
-5.025919E-1	-2.271333E-4
-5.024945E-1	-2.254072E-4
-5.023682E-1	-2.234704E-4
-5.022677E-1	-2.214748E-4
-5.021225E-1	-2.197289E-4
-5.020254E-1	-2.180106E-4
-5.019220E-1	-2.160750E-4
-5.018023E-1	-2.141395E-4
-5.016843E-1	-2.122903E-4
-5.015390E-1	-2.106031E-4
-5.014929E-1	-2.088741E-4
-5.013470E-1	-2.067668E-4
-5.012011E-1	-2.050407E-4
-5.011469E-1	-2.036452E-4
-5.010107E-1	-2.016679E-4
-5.008938E-1	-1.995179E-4
-5.008064E-1	-1.979632E-4
-5.006399E-1	-1.962942E-4
-5.005204E-1	-1.949269E-4
-5.004323E-1	-1.931737E-4
-5.002917E-1	-1.911882E-4
-5.001709E-1	-1.886576E-4
-5.000789E-1	-1.859331E-4
-4.999944E-1	-1.836974E-4
-4.998907E-1	-1.823379E-4
-4.997716E-1	-1.806685E-4
-4.996650E-1	-1.796864E-4
-4.995340E-1	-1.777444E-4
-4.994160E-1	-1.761116E-4
-4.992739E-1	-1.746814E-4
-4.991730E-1	-1.722675E-4
-4.990792E-1	-1.713687E-4
-4.989800E-1	-1.694225E-4
-4.988293E-1	-1.670062E-4
-4.987452E-1	-1.643167E-4
-4.986325E-1	-1.623992E-4
-4.984662E-1	-1.608967E-4
-4.983961E-1	-1.592750E-4
-4.982804E-1	-1.575233E-4
-4.981509E-1	-1.557987E-4
-4.980671E-1	-1.541181E-4
-4.979342E-1	-1.523346E-4
-4.978362E-1	-1.505191E-4
-4.977108E-1	-1.490061E-4
-4.976175E-1	-1.478591E-4
-4.974890E-1	-1.461149E-4
-4.973926E-1	-1.443642E-4
-4.972752E-1	-1.424959E-4
-4.971589E-1	-1.406973E-4
-4.970537E-1	-1.395820E-4
-4.969646E-1	-1.376718E-4
-4.968276E-1	-1.356519E-4
-4.967087E-1	-1.341645E-4
-4.966146E-1	-1.328436E-4
-4.964738E-1	-1.307533E-4
-4.964009E-1	-1.293082E-4
-4.962734E-1	-1.282819E-4
-4.961837E-1	-1.266680E-4
-4.960715E-1	-1.249958E-4
-4.959352E-1	-1.235963E-4
-4.958136E-1	-1.221527E-4
-4.957064E-1	-1.197666E-4
-4.955923E-1	-1.183262E-4
-4.955058E-1	-1.168015E-4
-4.953475E-1	-1.154710E-4
-4.952490E-1	-1.140373E-4
-4.951227E-1	-1.126154E-4
-4.950456E-1	-1.110396E-4
-4.949381E-1	-1.095670E-4
-4.948002E-1	-1.079034E-4
-4.947128E-1	-1.062347E-4
-4.945912E-1	-1.043744E-4
-4.944930E-1	-1.023315E-4
-4.943507E-1	-1.012420E-4
-4.942450E-1	-9.928607E-5
-4.940905E-1	-9.753005E-5
-4.939759E-1	-9.474868E-5
-4.938728E-1	-9.273197E-5
-4.937965E-1	-9.093166E-5
-4.936338E-1	-8.829862E-5
-4.935595E-1	-8.595702E-5
-4.934396E-1	-8.411854E-5
-4.933370E-1	-8.386030E-5
-4.932182E-1	-8.224510E-5
-4.930753E-1	-8.058974E-5
-4.929750E-1	-7.793662E-5
-4.928779E-1	-7.634872E-5
-4.927584E-1	-7.471737E-5
-4.926271E-1	-7.256322E-5
-4.925450E-1	-7.121544E-5
-4.924453E-1	-6.989686E-5
-4.923232E-1	-6.863352E-5
-4.922080E-1	-6.601065E-5
-4.920626E-1	-6.467220E-5
-4.919503E-1	-6.265685E-5
-4.918351E-1	-6.104931E-5
-4.917270E-1	-5.972016E-5
-4.916055E-1	-5.837527E-5
-4.914791E-1	-5.600154E-5
-4.913749E-1	-5.430345E-5
-4.912815E-1	-5.276046E-5
-4.911938E-1	-5.101219E-5
-4.910337E-1	-4.922795E-5
-4.909530E-1	-4.788425E-5
-4.908465E-1	-4.626323E-5
-4.906813E-1	-4.481206E-5
-4.905973E-1	-4.262164E-5
-4.905200E-1	-4.100057E-5
-4.903614E-1	-3.896017E-5
-4.902649E-1	-3.704062E-5
-4.901563E-1	-3.534111E-5
-4.900179E-1	-3.341860E-5
-4.899064E-1	-3.200961E-5
-4.898347E-1	-3.117664E-5
-4.896781E-1	-2.943257E-5
-4.895871E-1	-2.672642E-5
-4.894783E-1	-2.410169E-5
-4.893842E-1	-2.220051E-5
-4.892386E-1	-2.104284E-5
-4.891368E-1	-2.005684E-5
-4.890086E-1	-1.869441E-5
-4.889245E-1	-1.693144E-5
-4.887880E-1	-1.514223E-5
-4.886664E-1	-1.347441E-5
-4.885854E-1	-1.182419E-5
-4.884275E-1	-1.000760E-5
-4.883021E-1	-8.017721E-6
-4.882088E-1	-6.308877E-6
-4.881036E-1	-4.741052E-6
-4.879810E-1	-3.234320E-6
-4.878632E-1	-1.404352E-6
-4.877993E-1	4.858699E-7
-4.876796E-1	2.646848E-6
-4.875317E-1	4.791939E-6
-4.874220E-1	6.138884E-6
-4.873487E-1	8.591138E-6
-4.872339E-1	1.060876E-5
-4.871329E-1	1.229312E-5
-4.870128E-1	1.434268E-5
-4.868769E-1	1.630934E-5
-4.867858E-1	1.810174E-5
-4.866835E-1	1.943378E-5
-4.865727E-1	2.098496E-5
-4.864179E-1	2.288815E-5
-4.863290E-1	2.487496E-5
-4.861925E-1	2.689585E-5
-4.861178E-1	2.825859E-5
-4.860062E-1	3.036516E-5
-4.859013E-1	3.315720E-5
-4.857963E-1	3.657092E-5
-4.856723E-1	3.727208E-5
-4.855385E-1	3.840739E-5
-4.854369E-1	4.048143E-5
-4.853392E-1	4.248558E-5
-4.852386E-1	4.350283E-5
-4.851002E-1	4.508647E-5
-4.850055E-1	4.674873E-5
-4.848507E-1	4.877903E-5
-4.847564E-1	5.007633E-5
-4.846582E-1	5.162124E-5
-4.845540E-1	5.367045E-5
-4.844157E-1	5.482274E-5
-4.843094E-1	5.645609E-5
-4.841593E-1	5.812826E-5
-4.840876E-1	5.942534E-5
-4.839668E-1	6.125448E-5
-4.838520E-1	6.321152E-5
-4.837176E-1	6.592811E-5
-4.836328E-1	6.853094E-5
-4.834841E-1	6.899444E-5
-4.833719E-1	7.223120E-5
-4.832704E-1	7.444022E-5
-4.831483E-1	7.522152E-5
-4.830218E-1	7.605170E-5
-4.829621E-1	7.760752E-5
-4.828583E-1	7.958513E-5
-4.826927E-1	8.147141E-5
-4.825731E-1	8.361883E-5
-4.824911E-1	8.465741E-5
-4.823716E-1	8.590037E-5
-4.822497E-1	8.697308E-5
-4.821395E-1	9.000112E-5
-4.820198E-1	9.148953E-5
-4.819144E-1	9.244409E-5
-4.817966E-1	9.383850E-5
-4.816963E-1	9.509650E-5
-4.815464E-1	9.678000E-5
-4.814694E-1	9.825378E-5
-4.813782E-1	1.002390E-4
-4.812692E-1	1.021601E-4
-4.811095E-1	1.042523E-4
-4.810332E-1	1.060659E-4
-4.809164E-1	1.076121E-4
-4.807738E-1	1.087442E-4
-4.806479E-1	1.100194E-4
-4.805531E-1	1.118355E-4
-4.804638E-1	1.135325E-4
-4.803451E-1	1.150495E-4
-4.802261E-1	1.169241E-4
-4.801103E-1	1.185074E-4
-4.799910E-1	1.203516E-4
-4.798849E-1	1.218637E-4
-4.797280E-1	1.235625E-4
-4.796348E-1	1.256217E-4
-4.795703E-1	1.269233E-4
-4.793914E-1	1.284862E-4
-4.792850E-1	1.301209E-4
-4.792026E-1	1.325002E-4
-4.790600E-1	1.338099E-4
-4.789874E-1	1.352150E-4
-4.788551E-1	1.366148E-4
-4.787366E-1	1.375200E-4
-4.786490E-1	1.390864E-4
-4.785454E-1	1.409443E-4
-4.783940E-1	1.428341E-4
-4.783088E-1	1.447913E-4
-4.781710E-1	1.466099E-4
-4.780822E-1	1.481215E-4
-4.779715E-1	1.494678E-4
-4.778368E-1	1.515046E-4
-4.777399E-1	1.536346E-4
-4.775988E-1	1.558541E-4
-4.774878E-1	1.574885E-4
-4.773868E-1	1.591230E-4
-4.772519E-1	1.611747E-4
-4.771906E-1	1.631484E-4
-4.770338E-1	1.651935E-4
-4.769679E-1	1.675833E-4
-4.768350E-1	1.699380E-4
-4.767173E-1	1.724720E-4
-4.765957E-1	1.743492E-4
-4.764892E-1	1.764802E-4
-4.764083E-1	1.787014E-4
-4.762593E-1	1.809138E-4
-4.761651E-1	1.834006E-4
-4.760406E-1	1.857474E-4
-4.759401E-1	1.878416E-4
-4.758345E-1	1.902307E-4
-4.757074E-1	1.926401E-4
-4.756007E-1	1.950119E-4
-4.755164E-1	1.972897E-4
-4.753789E-1	1.994066E-4
-4.752787E-1	2.018022E-4
-4.751871E-1	2.041363E-4
-4.750829E-1	2.067206E-4
-4.749608E-1	2.090236E-4
-4.748151E-1	2.112011E-4
-4.746821E-1	2.136638E-4
-4.746194E-1	2.162276E-4
-4.744919E-1	2.188728E-4
-4.743833E-1	2.213104E-4
-4.742259E-1	2.238479E-4
-4.741168E-1	2.264265E-4
-4.739998E-1	2.286861E-4
-4.739257E-1	2.310576E-4
-4.738184E-1	2.333151E-4
-4.736891E-1	2.356449E-4
-4.735730E-1	2.379623E-4
-4.734588E-1	2.403952E-4
-4.733287E-1	2.424675E-4
-4.732064E-1	2.451633E-4
-4.731159E-1	2.473390E-4
-4.729897E-1	2.493825E-4
-4.728852E-1	2.514981E-4
-4.727832E-1	2.538289E-4
-4.726230E-1	2.558132E-4
-4.725606E-1	2.580697E-4
-4.724528E-1	2.604455E-4
-4.722938E-1	2.625333E-4
-4.722100E-1	2.650510E-4
-4.720896E-1	2.667568E-4
-4.719751E-1	2.689003E-4
-4.718359E-1	2.707933E-4
-4.717254E-1	2.729727E-4
-4.716036E-1	2.751879E-4
-4.715233E-1	2.769230E-4
-4.714089E-1	2.786981E-4
-4.713054E-1	2.807413E-4
-4.711518E-1	2.831598E-4
-4.710862E-1	2.847344E-4
-4.709760E-1	2.861606E-4
-4.708569E-1	2.878597E-4
-4.707425E-1	2.899245E-4
-4.706217E-1	2.920503E-4
-4.704913E-1	2.942582E-4
-4.704034E-1	2.961566E-4
-4.703083E-1	2.980888E-4
-4.701694E-1	3.002388E-4
-4.700204E-1	3.028352E-4
-4.698948E-1	3.051160E-4
-4.698206E-1	3.069386E-4
-4.696841E-1	3.091775E-4
-4.695590E-1	3.114018E-4
-4.694614E-1	3.133592E-4
-4.693490E-1	3.147555E-4
-4.692307E-1	3.164149E-4
-4.691206E-1	3.186206E-4
-4.690083E-1	3.206866E-4
-4.689227E-1	3.231618E-4
-4.688514E-1	3.264535E-4
-4.687199E-1	3.284895E-4
-4.685582E-1	3.306254E-4
-4.684396E-1	3.322532E-4
-4.685211E-1	3.312457E-4
-4.686172E-1	3.301724E-4
-4.687162E-1	3.291294E-4
-4.687976E-1	3.280302E-4
-4.689293E-1	3.272062E-4
-4.690171E-1	3.261516E-4
-4.691051E-1	3.251014E-4
-4.692159E-1	3.240589E-4
-4.692978E-1	3.228646E-4
-4.693825E-1	3.214274E-4
-4.694674E-1	3.198538E-4
-4.695542E-1	3.186185E-4
-4.696581E-1	3.176458E-4
-4.697095E-1	3.167252E-4
-4.698391E-1	3.157556E-4
-4.699511E-1	3.148269E-4
-4.700318E-1	3.135071E-4
-4.701144E-1	3.123041E-4
-4.702188E-1	3.112777E-4
-4.703056E-1	3.098503E-4
-4.703729E-1	3.082219E-4
-4.704944E-1	3.066582E-4
-4.705574E-1	3.052713E-4
-4.706494E-1	3.039447E-4
-4.707212E-1	3.026466E-4
-4.708109E-1	3.013651E-4
-4.709552E-1	3.001582E-4
-4.710260E-1	2.989399E-4
-4.710883E-1	2.978612E-4
-4.712045E-1	2.966457E-4
-4.713017E-1	2.953901E-4
-4.713546E-1	2.944356E-4
-4.714855E-1	2.937945E-4
-4.715925E-1	2.927251E-4
-4.716707E-1	2.910465E-4
-4.717640E-1	2.901414E-4
-4.718282E-1	2.891827E-4
-4.719390E-1	2.884021E-4
-4.720156E-1	2.874233E-4
-4.721137E-1	2.863151E-4
-4.722041E-1	2.852613E-4
-4.722590E-1	2.841758E-4
-4.723848E-1	2.829905E-4
-4.724738E-1	2.821095E-4
-4.725574E-1	2.816023E-4
-4.726313E-1	2.806900E-4
-4.727083E-1	2.791669E-4
-4.728359E-1	2.781459E-4
-4.729020E-1	2.771746E-4
-4.730208E-1	2.764362E-4
-4.730665E-1	2.757117E-4
-4.731911E-1	2.746477E-4
-4.732650E-1	2.738760E-4
-4.733458E-1	2.729616E-4
-4.734628E-1	2.721297E-4
-4.735612E-1	2.713057E-4
-4.736123E-1	2.703978E-4
-4.737487E-1	2.688626E-4
-4.737962E-1	2.678585E-4
-4.738963E-1	2.668376E-4
-4.739963E-1	2.656786E-4
-4.740776E-1	2.651404E-4
-4.741791E-1	2.645232E-4
-4.742873E-1	2.640359E-4
-4.743421E-1	2.632029E-4
-4.744765E-1	2.620661E-4
-4.745304E-1	2.608763E-4
-4.746515E-1	2.597383E-4
-4.747240E-1	2.589844E-4
-4.748284E-1	2.580741E-4
-4.749201E-1	2.575266E-4
-4.749727E-1	2.569675E-4
-4.751177E-1	2.556175E-4
-4.752044E-1	2.543827E-4
-4.752368E-1	2.536977E-4
-4.753577E-1	2.529688E-4
-4.754288E-1	2.519598E-4
-4.755648E-1	2.510352E-4
-4.756287E-1	2.499776E-4
-4.757326E-1	2.490160E-4
-4.758107E-1	2.479303E-4
-4.759160E-1	2.464689E-4
-4.760107E-1	2.456158E-4
-4.760584E-1	2.445942E-4
-4.761999E-1	2.433803E-4
-4.762298E-1	2.425603E-4
-4.763187E-1	2.414407E-4
-4.764351E-1	2.403695E-4
-4.765464E-1	2.394986E-4
-4.766085E-1	2.384687E-4
-4.766939E-1	2.377253E-4
-4.767943E-1	2.366587E-4
-4.769056E-1	2.357210E-4
-4.769795E-1	2.351708E-4
-4.770939E-1	2.343017E-4
-4.771503E-1	2.334516E-4
-4.772480E-1	2.321801E-4
-4.773415E-1	2.312598E-4
-4.774273E-1	2.304916E-4
-4.775472E-1	2.295087E-4
-4.775930E-1	2.287447E-4
-4.777181E-1	2.281482E-4
-4.778209E-1	2.276003E-4
-4.778851E-1	2.269421E-4
-4.779702E-1	2.254780E-4
-4.780609E-1	2.247281E-4
-4.781879E-1	2.229837E-4
-4.782440E-1	2.210906E-4
-4.783520E-1	2.203151E-4
-4.784537E-1	2.192679E-4
-4.785462E-1	2.180795E-4
-4.786307E-1	2.173006E-4
-4.787028E-1	2.166743E-4
-4.787782E-1	2.162348E-4
-4.789105E-1	2.156084E-4
-4.790088E-1	2.146861E-4
-4.791071E-1	2.135195E-4
-4.791653E-1	2.121985E-4
-4.792948E-1	2.107869E-4
-4.793843E-1	2.093901E-4
-4.794715E-1	2.082009E-4
-4.795348E-1	2.069161E-4
-4.796536E-1	2.059101E-4
-4.797347E-1	2.044578E-4
-4.798179E-1	2.033824E-4
-4.799438E-1	2.021778E-4
-4.799864E-1	2.011788E-4
-4.800881E-1	2.000239E-4
-4.802083E-1	1.988805E-4
-4.802716E-1	1.977154E-4
-4.804088E-1	1.968250E-4
-4.804531E-1	1.957834E-4
-4.805811E-1	1.946978E-4
-4.806374E-1	1.932009E-4
-4.807406E-1	1.924491E-4
-4.808489E-1	1.912506E-4
-4.808962E-1	1.903507E-4
-4.810328E-1	1.889967E-4
-4.811020E-1	1.881129E-4
-4.811549E-1	1.869346E-4
-4.812822E-1	1.857808E-4
-4.813506E-1	1.845855E-4
-4.814326E-1	1.832972E-4
-4.815225E-1	1.820917E-4
-4.816275E-1	1.809714E-4
-4.817023E-1	1.797032E-4
-4.818344E-1	1.785173E-4
-4.818684E-1	1.771977E-4
-4.819873E-1	1.758202E-4
-4.820637E-1	1.745757E-4
-4.821977E-1	1.735406E-4
-4.822505E-1	1.722812E-4
-4.823301E-1	1.710219E-4
-4.824590E-1	1.696381E-4
-4.825503E-1	1.682493E-4
-4.826189E-1	1.670366E-4
-4.827273E-1	1.651701E-4
-4.828410E-1	1.637493E-4
-4.829183E-1	1.622728E-4
-4.829757E-1	1.611875E-4
-4.831026E-1	1.600404E-4
-4.831650E-1	1.593037E-4
-4.832898E-1	1.581361E-4
-4.833415E-1	1.575301E-4
-4.834296E-1	1.562785E-4
-4.835496E-1	1.552504E-4
-4.835931E-1	1.541621E-4
-4.837439E-1	1.524857E-4
-4.838199E-1	1.509541E-4
-4.838911E-1	1.496098E-4
-4.840090E-1	1.483382E-4
-4.840673E-1	1.469577E-4
-4.841717E-1	1.457759E-4
-4.842690E-1	1.445516E-4
-4.843639E-1	1.429812E-4
-4.844341E-1	1.414504E-4
-4.845496E-1	1.400976E-4
-4.845936E-1	1.386433E-4
-4.847208E-1	1.374591E-4
-4.848339E-1	1.359771E-4
-4.849069E-1	1.345806E-4
-4.849931E-1	1.337646E-4
-4.850501E-1	1.330080E-4
-4.851805E-1	1.322008E-4
-4.852320E-1	1.311710E-4
-4.853572E-1	1.299761E-4
-4.854439E-1	1.284875E-4
-4.854943E-1	1.268552E-4
-4.855934E-1	1.253857E-4
-4.856880E-1	1.236299E-4
-4.858009E-1	1.217327E-4
-4.858969E-1	1.198209E-4
-4.859729E-1	1.175937E-4
-4.860344E-1	1.165935E-4
-4.861291E-1	1.141736E-4
-4.862519E-1	1.125039E-4
-4.863079E-1	1.111495E-4
-4.863853E-1	1.094957E-4
-4.865106E-1	1.078230E-4
-4.865650E-1	1.061161E-4
-4.866519E-1	1.042103E-4
-4.867407E-1	1.021346E-4
-4.868189E-1	1.001666E-4
-4.869632E-1	9.842985E-5
-4.870500E-1	9.682590E-5
-4.871199E-1	9.591595E-5
-4.872205E-1	9.510730E-5
-4.873050E-1	9.450050E-5
-4.873838E-1	9.347739E-5
-4.874740E-1	9.182557E-5
-4.875656E-1	8.923531E-5
-4.876284E-1	8.764087E-5
-4.877033E-1	8.629319E-5
-4.878370E-1	8.458790E-5
-4.879150E-1	8.336831E-5
-4.879936E-1	8.218418E-5
-4.881196E-1	8.121842E-5
-4.881680E-1	7.963040E-5
-4.883026E-1	7.788574E-5
-4.883899E-1	7.663922E-5
-4.884426E-1	7.610121E-5
-4.885260E-1	7.573669E-5
-4.886903E-1	7.497991E-5
-4.887252E-1	7.349767E-5
-4.888313E-1	7.216528E-5
-4.889312E-1	7.083547E-5
-4.890048E-1	6.987030E-5
-4.891126E-1	6.848451E-5
-4.892103E-1	6.721892E-5
-4.892992E-1	6.601040E-5
-4.893517E-1	6.428823E-5
-4.895010E-1	6.285260E-5
-4.895423E-1	6.138730E-5
-4.896495E-1	6.001865E-5
-4.897505E-1	5.842002E-5
-4.898351E-1	5.715798E-5
-4.899597E-1	5.579119E-5
-4.900455E-1	5.430956E-5
-4.901186E-1	5.288593E-5
-4.901914E-1	5.127540E-5
-4.902917E-1	5.013155E-5
-4.903810E-1	4.869368E-5
-4.904903E-1	4.706479E-5
-4.905836E-1	4.584017E-5
-4.906598E-1	4.442786E-5
-4.907466E-1	4.331692E-5
-4.908048E-1	4.107734E-5
-4.909015E-1	4.025055E-5
-4.909912E-1	3.881624E-5
-4.911012E-1	3.734366E-5
-4.911747E-1	3.601998E-5
-4.912642E-1	3.442213E-5
-4.913756E-1	3.308988E-5
-4.914322E-1	3.150649E-5
-4.915745E-1	3.019224E-5
-4.916177E-1	2.865606E-5
-4.917402E-1	2.668519E-5
-4.918039E-1	2.559433E-5
-4.919212E-1	2.414231E-5
-4.920123E-1	2.234785E-5
-4.920907E-1	2.067018E-5
-4.921620E-1	1.968224E-5
-4.922911E-1	1.893344E-5
-4.923715E-1	1.885677E-5
-4.924282E-1	1.832985E-5
-4.925479E-1	1.800981E-5
-4.926383E-1	1.735548E-5
-4.927477E-1	1.633725E-5
-4.927998E-1	1.506473E-5
-4.928677E-1	1.367927E-5
-4.930216E-1	1.207629E-5
-4.930684E-1	1.033382E-5
-4.931764E-1	8.876410E-6
-4.932986E-1	7.525248E-6
-4.933500E-1	5.937514E-6
-4.934177E-1	4.511795E-6
-4.935581E-1	3.050927E-6
-4.936572E-1	1.825491E-6
-4.937230E-1	5.097926E-7
-4.938017E-1	-7.377317E-7
-4.939258E-1	-1.950103E-6
-4.939678E-1	-3.102385E-6
-4.941110E-1	-4.304470E-6
-4.941849E-1	-5.563229E-6
-4.942557E-1	-6.831377E-6
-4.943806E-1	-8.213688E-6
-4.944193E-1	-8.885176E-6
-4.945286E-1	-1.050254E-5
-4.946472E-1	-1.166186E-5
-4.947247E-1	-1.377806E-5
-4.948374E-1	-1.485433E-5
-4.949231E-1	-1.528087E-5
-4.949617E-1	-1.660657E-5
-4.951130E-1	-1.775183E-5
-4.951791E-1	-2.052393E-5
-4.952727E-1	-2.145409E-5
-4.953898E-1	-2.287351E-5
-4.954271E-1	-2.405763E-5
-4.955311E-1	-2.540774E-5
-4.956323E-1	-2.684683E-5
-4.957208E-1	-2.821565E-5
-4.958307E-1	-2.961779E-5
-4.959083E-1	-3.097221E-5
-4.959853E-1	-3.295795E-5
-4.961134E-1	-3.396482E-5
-4.961554E-1	-3.516531E-5
-4.962707E-1	-3.678526E-5
-4.963745E-1	-3.792412E-5
-4.964923E-1	-3.992804E-5
-4.965758E-1	-4.123538E-5
-4.966116E-1	-4.232247E-5
-4.967493E-1	-4.367181E-5
-4.968084E-1	-4.530726E-5
-4.969461E-1	-4.659923E-5
-4.969951E-1	-4.862472E-5
-4.971167E-1	-4.986546E-5
-4.971870E-1	-5.138142E-5
-4.972871E-1	-5.305119E-5
-4.974011E-1	-5.487620E-5
-4.974560E-1	-5.665120E-5
-4.975669E-1	-5.859653E-5
-4.976426E-1	-6.028360E-5
-4.977513E-1	-6.182804E-5
-4.978034E-1	-6.344887E-5
-4.979547E-1	-6.515848E-5
-4.980448E-1	-6.682298E-5
-4.980873E-1	-6.876214E-5
-4.981592E-1	-7.085347E-5
-4.982495E-1	-7.263443E-5
-4.983471E-1	-7.430171E-5
-4.984395E-1	-7.593113E-5
-4.985324E-1	-7.766098E-5
-4.985963E-1	-7.917760E-5
-4.986997E-1	-8.094319E-5
-4.987738E-1	-8.286145E-5
-4.989167E-1	-8.512261E-5
-4.989888E-1	-8.706679E-5
-4.990876E-1	-8.895131E-5
-4.991801E-1	-9.080270E-5
-4.992245E-1	-9.229867E-5
-4.993323E-1	-9.411309E-5
-4.994173E-1	-9.610295E-5
-4.995468E-1	-9.802418E-5
-4.996126E-1	-9.983301E-5
-4.996990E-1	-1.014787E-4
-4.997584E-1	-1.034592E-4
-4.998747E-1	-1.050937E-4
-4.999785E-1	-1.066490E-4
-5.000767E-1	-1.079108E-4
-5.001331E-1	-1.089539E-4
-5.002489E-1	-1.099522E-4
-5.003515E-1	-1.108850E-4
-5.004343E-1	-1.126049E-4
-5.005078E-1	-1.144295E-4
-5.006100E-1	-1.160528E-4
-5.006801E-1	-1.176861E-4
-5.007699E-1	-1.193142E-4
-5.008328E-1	-1.211525E-4
-5.009494E-1	-1.223705E-4
-5.010392E-1	-1.249604E-4
-5.011091E-1	-1.261680E-4
-5.012024E-1	-1.275525E-4
-5.013150E-1	-1.291294E-4
-5.014008E-1	-1.304067E-4
-5.015013E-1	-1.315426E-4
-5.016244E-1	-1.326699E-4
-5.016713E-1	-1.335263E-4
-5.017889E-1	-1.345484E-4
-5.018893E-1	-1.353827E-4
-5.019510E-1	-1.365753E-4
-5.020226E-1	-1.382391E-4
-5.021003E-1	-1.387466E-4
-5.022129E-1	-1.396702E-4
-5.023312E-1	-1.415444E-4
-5.023813E-1	-1.433697E-4
-5.024844E-1	-1.454622E-4
-5.025840E-1	-1.478851E-4
-5.026663E-1	-1.502948E-4
-5.027394E-1	-1.518105E-4
-5.028291E-1	-1.536418E-4
-5.029302E-1	-1.555674E-4
-5.030647E-1	-1.568813E-4
-5.031179E-1	-1.595933E-4
-5.032425E-1	-1.618116E-4
-5.033405E-1	-1.636965E-4
-5.034070E-1	-1.655618E-4
-5.034723E-1	-1.674276E-4
-5.035732E-1	-1.693587E-4
-5.036622E-1	-1.714697E-4
-5.037376E-1	-1.740613E-4
-5.038907E-1	-1.763457E-4
-5.039054E-1	-1.780727E-4
-5.040477E-1	-1.792076E-4
-5.041402E-1	-1.808726E-4
-5.041922E-1	-1.819556E-4
-5.043303E-1	-1.829244E-4
-5.043732E-1	-1.840058E-4
-5.044831E-1	-1.850922E-4
-5.046008E-1	-1.869540E-4
-5.047073E-1	-1.884418E-4
-5.047639E-1	-1.899416E-4
-5.048374E-1	-1.911258E-4
-5.049310E-1	-1.922750E-4
-5.050154E-1	-1.937309E-4
-5.051574E-1	-1.951455E-4
-5.051918E-1	-1.962075E-4
-5.052965E-1	-1.980377E-4
-5.053805E-1	-1.997830E-4
-5.055066E-1	-2.015588E-4
-5.055808E-1	-2.035660E-4
-5.056588E-1	-2.057298E-4
-5.057470E-1	-2.074912E-4
-5.058470E-1	-2.097144E-4
-5.059554E-1	-2.117464E-4
-5.060564E-1	-2.131500E-4
-5.061401E-1	-2.147051E-4
-5.062463E-1	-2.166792E-4
-5.063280E-1	-2.186822E-4
-5.064205E-1	-2.202447E-4
-5.064922E-1	-2.228901E-4
-5.065643E-1	-2.260206E-4
-5.066537E-1	-2.286747E-4
-5.067358E-1	-2.310076E-4
-5.068190E-1	-2.331991E-4
-5.069271E-1	-2.351287E-4
-5.070473E-1	-2.371528E-4
-5.071087E-1	-2.383865E-4
-5.071825E-1	-2.397001E-4
-5.072598E-1	-2.407628E-4
-5.073584E-1	-2.418767E-4
-5.074662E-1	-2.445832E-4
-5.075099E-1	-2.466118E-4
-5.076479E-1	-2.498875E-4
-5.077316E-1	-2.523584E-4
-5.078151E-1	-2.540283E-4
-5.078716E-1	-2.562381E-4
-5.079692E-1	-2.585719E-4
-5.080503E-1	-2.605888E-4
-5.081669E-1	-2.621383E-4
-5.082412E-1	-2.639433E-4
-5.083058E-1	-2.659615E-4
-5.084131E-1	-2.674642E-4
-5.084708E-1	-2.689384E-4
-5.085911E-1	-2.712295E-4
-5.086940E-1	-2.732055E-4
-5.087248E-1	-2.751435E-4
-5.088655E-1	-2.768489E-4
-5.089746E-1	-2.786479E-4
-5.090596E-1	-2.808708E-4
-5.090931E-1	-2.823379E-4
-5.092309E-1	-2.837905E-4
-5.092928E-1	-2.850916E-4
-5.094160E-1	-2.862145E-4
-5.095053E-1	-2.872651E-4
-5.095473E-1	-2.886740E-4
-5.096451E-1	-2.898864E-4
-5.097647E-1	-2.908350E-4
-5.098446E-1	-2.919984E-4
-5.099476E-1	-2.935558E-4
-5.100214E-1	-2.951932E-4
-5.101291E-1	-2.966898E-4
-5.102469E-1	-2.997129E-4
-5.103515E-1	-3.019807E-4
-5.104373E-1	-3.041448E-4
-5.105269E-1	-3.061551E-4
-5.105976E-1	-3.081880E-4
-5.107060E-1	-3.105418E-4
-5.108036E-1	-3.122322E-4
-5.108568E-1	-3.151568E-4
-5.109664E-1	-3.171217E-4
-5.110365E-1	-3.193226E-4
-5.111446E-1	-3.215746E-4
-5.112132E-1	-3.235626E-4
-5.113545E-1	-3.259388E-4
-5.114235E-1	-3.280087E-4
-5.114809E-1	-3.303848E-4
-5.115986E-1	-3.332832E-4
-5.117056E-1	-3.355495E-4
-5.117439E-1	-3.377080E-4
-5.118659E-1	-3.398486E-4
-5.119657E-1	-3.433348E-4
-5.120126E-1	-3.453591E-4
-5.121216E-1	-3.477367E-4
-5.121970E-1	-3.497307E-4
-5.123274E-1	-3.519663E-4
-5.124005E-1	-3.541853E-4
-5.125138E-1	-3.562368E-4
-5.125802E-1	-3.582000E-4
-5.126596E-1	-3.606750E-4
-5.127348E-1	-3.633703E-4
-5.128159E-1	-3.658227E-4
-5.129040E-1	-3.690449E-4
-5.130134E-1	-3.717778E-4
-5.130869E-1	-3.742929E-4
-5.132269E-1	-3.770918E-4
-5.132583E-1	-3.800812E-4
-5.133557E-1	-3.832130E-4
-5.135088E-1	-3.860013E-4
-5.135340E-1	-3.890090E-4
-5.136371E-1	-3.909811E-4
-5.137575E-1	-3.936911E-4
-5.137969E-1	-3.964475E-4
-5.139398E-1	-3.997148E-4
-5.140022E-1	-4.022258E-4
