-5.239449E-1	-2.713238E-4
-5.238199E-1	-2.697117E-4
-5.237125E-1	-2.675831E-4
-5.235991E-1	-2.663597E-4
-5.234763E-1	-2.648955E-4
-5.233957E-1	-2.635954E-4
-5.232648E-1	-2.623726E-4
-5.231563E-1	-2.611331E-4
-5.230301E-1	-2.596942E-4
-5.229031E-1	-2.583724E-4
-5.227783E-1	-2.574756E-4
-5.226669E-1	-2.559206E-4
-5.225568E-1	-2.546191E-4
-5.224555E-1	-2.531657E-4
-5.223608E-1	-2.516786E-4
-5.222113E-1	-2.502078E-4
-5.221339E-1	-2.488503E-4
-5.220081E-1	-2.475370E-4
-5.218902E-1	-2.461951E-4
-5.217719E-1	-2.446313E-4
-5.216648E-1	-2.433625E-4
-5.215224E-1	-2.417772E-4
-5.214278E-1	-2.407389E-4
-5.213215E-1	-2.394514E-4
-5.212281E-1	-2.383151E-4
-5.211006E-1	-2.368594E-4
-5.209542E-1	-2.355950E-4
-5.208547E-1	-2.341850E-4
-5.207436E-1	-2.330842E-4
-5.206565E-1	-2.316044E-4
-5.205201E-1	-2.303380E-4
-5.203928E-1	-2.289662E-4
-5.202679E-1	-2.276489E-4
-5.201745E-1	-2.263503E-4
-5.200427E-1	-2.251690E-4
-5.199574E-1	-2.240359E-4
-5.198441E-1	-2.228007E-4
-5.197429E-1	-2.215952E-4
-5.195836E-1	-2.201946E-4
-5.194973E-1	-2.187949E-4
-5.193608E-1	-2.173880E-4
-5.192731E-1	-2.160948E-4
-5.191723E-1	-2.148802E-4
-5.190466E-1	-2.136444E-4
-5.189017E-1	-2.123239E-4
-5.188180E-1	-2.111467E-4
-5.187198E-1	-2.096911E-4
-5.185885E-1	-2.088617E-4
-5.184398E-1	-2.075177E-4
-5.183685E-1	-2.062673E-4
-5.182573E-1	-2.051010E-4
-5.181140E-1	-2.034374E-4
-5.180129E-1	-2.024473E-4
-5.179021E-1	-2.006376E-4
-5.178171E-1	-1.998996E-4
-5.176849E-1	-1.985935E-4
-5.175618E-1	-1.975238E-4
-5.174375E-1	-1.962956E-4
-5.173517E-1	-1.953307E-4
-5.172279E-1	-1.939460E-4
-5.171394E-1	-1.927128E-4
-5.170145E-1	-1.917984E-4
-5.169057E-1	-1.901977E-4
-5.167540E-1	-1.884339E-4
-5.166477E-1	-1.872640E-4
-5.165630E-1	-1.859106E-4
-5.164341E-1	-1.844574E-4
-5.163077E-1	-1.828896E-4
-5.162054E-1	-1.815296E-4
-5.161299E-1	-1.802475E-4
-5.160108E-1	-1.788477E-4
-5.158490E-1	-1.771150E-4
-5.157302E-1	-1.761552E-4
-5.156408E-1	-1.746302E-4
-5.155443E-1	-1.727206E-4
-5.153931E-1	-1.715917E-4
-5.152891E-1	-1.705603E-4
-5.151923E-1	-1.689462E-4
-5.150562E-1	-1.672405E-4
-5.149677E-1	-1.658682E-4
-5.148282E-1	-1.643511E-4
-5.147600E-1	-1.627386E-4
-5.146207E-1	-1.613868E-4
-5.145430E-1	-1.601264E-4
-5.144044E-1	-1.587868E-4
-5.142989E-1	-1.575475E-4
-5.141544E-1	-1.562594E-4
-5.140870E-1	-1.548062E-4
-5.139400E-1	-1.530331E-4
-5.138285E-1	-1.516276E-4
-5.137075E-1	-1.505029E-4
-5.135804E-1	-1.487293E-4
-5.134602E-1	-1.476261E-4
-5.133594E-1	-1.461146E-4
-5.132713E-1	-1.439504E-4
-5.131484E-1	-1.418293E-4
-5.130158E-1	-1.399772E-4
-5.129263E-1	-1.388647E-4
-5.128084E-1	-1.376870E-4
-5.127132E-1	-1.362037E-4
-5.125888E-1	-1.348616E-4
-5.124847E-1	-1.335374E-4
-5.123755E-1	-1.323817E-4
-5.122313E-1	-1.308534E-4
-5.121263E-1	-1.293367E-4
-5.120211E-1	-1.278790E-4
-5.118961E-1	-1.266454E-4
-5.117906E-1	-1.250825E-4
-5.116793E-1	-1.235527E-4
-5.116004E-1	-1.222521E-4
-5.114703E-1	-1.209059E-4
-5.113693E-1	-1.195887E-4
-5.112238E-1	-1.182502E-4
-5.111043E-1	-1.165937E-4
-5.110315E-1	-1.161642E-4
-5.108984E-1	-1.151179E-4
-5.107870E-1	-1.138525E-4
-5.106648E-1	-1.126783E-4
-5.105665E-1	-1.114015E-4
-5.104342E-1	-1.100288E-4
-5.103213E-1	-1.088942E-4
-5.102191E-1	-1.073021E-4
-5.101140E-1	-1.061311E-4
-5.100097E-1	-1.049466E-4
-5.098655E-1	-1.033530E-4
-5.097619E-1	-1.018222E-4
-5.096414E-1	-1.011648E-4
-5.095198E-1	-9.906300E-5
-5.094401E-1	-9.734340E-5
-5.093192E-1	-9.580222E-5
-5.091744E-1	-9.446910E-5
-5.091055E-1	-9.240441E-5
-5.089890E-1	-9.177738E-5
-5.088436E-1	-8.955898E-5
-5.087213E-1	-8.807839E-5
-5.086322E-1	-8.634042E-5
-5.085219E-1	-8.463066E-5
-5.084011E-1	-8.278592E-5
-5.082993E-1	-8.126154E-5
-5.081655E-1	-7.946153E-5
-5.080446E-1	-7.807022E-5
-5.079174E-1	-7.581790E-5
-5.078566E-1	-7.451141E-5
-5.077445E-1	-7.316752E-5
-5.076458E-1	-7.166504E-5
-5.074867E-1	-7.023008E-5
-5.073873E-1	-6.877961E-5
-5.073122E-1	-6.710279E-5
-5.071644E-1	-6.533851E-5
-5.070857E-1	-6.352121E-5
-5.069732E-1	-6.151307E-5
-5.068453E-1	-5.991672E-5
-5.067610E-1	-5.843413E-5
-5.066421E-1	-5.561783E-5
-5.065455E-1	-5.394204E-5
-5.064088E-1	-5.222460E-5
-5.063234E-1	-4.976217E-5
-5.062166E-1	-4.822445E-5
-5.061198E-1	-4.652594E-5
-5.059554E-1	-4.434438E-5
-5.058473E-1	-4.301693E-5
-5.057799E-1	-4.138216E-5
-5.056667E-1	-3.971872E-5
-5.055496E-1	-3.804860E-5
-5.054374E-1	-3.637560E-5
-5.053275E-1	-3.463834E-5
-5.052114E-1	-3.258244E-5
-5.051018E-1	-3.135730E-5
-5.049426E-1	-2.951420E-5
-5.048437E-1	-2.750877E-5
-5.047429E-1	-2.576525E-5
-5.046253E-1	-2.383789E-5
-5.045213E-1	-2.201973E-5
-5.043963E-1	-2.024104E-5
-5.042835E-1	-1.812530E-5
-5.041384E-1	-1.574888E-5
-5.040530E-1	-1.405023E-5
-5.039366E-1	-1.216828E-5
-5.038075E-1	-1.034575E-5
-5.036888E-1	-7.992039E-6
-5.036172E-1	-5.501355E-6
-5.034961E-1	-3.749136E-6
-5.033734E-1	-2.057873E-6
-5.032421E-1	-9.662165E-8
-5.031533E-1	2.032660E-6
-5.030462E-1	4.058987E-6
-5.029382E-1	6.052151E-6
-5.027939E-1	7.927070E-6
-5.026746E-1	1.009808E-5
-5.025879E-1	1.223713E-5
-5.024447E-1	1.441994E-5
-5.023306E-1	1.665159E-5
-5.022397E-1	1.840245E-5
-5.020975E-1	2.141150E-5
-5.019816E-1	2.291094E-5
-5.019041E-1	2.490542E-5
-5.017530E-1	2.785739E-5
-5.016776E-1	2.928326E-5
-5.015515E-1	3.063252E-5
-5.014532E-1	3.259179E-5
-5.013539E-1	3.449781E-5
-5.012151E-1	3.655405E-5
-5.011122E-1	3.821517E-5
-5.010023E-1	3.992520E-5
-5.008895E-1	4.179185E-5
-5.007861E-1	4.385075E-5
-5.006604E-1	4.596871E-5
-5.005334E-1	4.838744E-5
-5.004605E-1	5.024962E-5
-5.003129E-1	5.189193E-5
-5.002254E-1	5.409862E-5
-5.001198E-1	5.618524E-5
-4.999944E-1	5.814581E-5
-4.998823E-1	6.018834E-5
-4.997501E-1	6.220083E-5
-4.996223E-1	6.435580E-5
-4.995416E-1	6.678809E-5
-4.994275E-1	6.880862E-5
-4.992851E-1	7.094358E-5
-4.992347E-1	7.312431E-5
-4.990686E-1	7.556938E-5
-4.989860E-1	7.744276E-5
-4.988562E-1	7.950797E-5
-4.987449E-1	8.165718E-5
-4.985956E-1	8.369894E-5
-4.985041E-1	8.584138E-5
-4.983935E-1	8.789625E-5
-4.982678E-1	9.121395E-5
-4.981381E-1	9.337098E-5
-4.980433E-1	9.583427E-5
-4.979493E-1	9.833381E-5
-4.978053E-1	1.003663E-4
-4.976910E-1	1.032417E-4
-4.975946E-1	1.054193E-4
-4.974632E-1	1.073801E-4
-4.973879E-1	1.096663E-4
-4.972720E-1	1.123660E-4
-4.971214E-1	1.138816E-4
-4.970201E-1	1.156385E-4
-4.969124E-1	1.173866E-4
-4.967797E-1	1.196836E-4
-4.967179E-1	1.225172E-4
-4.965885E-1	1.241443E-4
-4.964596E-1	1.259517E-4
-4.963724E-1	1.279531E-4
-4.962402E-1	1.301125E-4
-4.961583E-1	1.326201E-4
-4.960475E-1	1.347720E-4
-4.959345E-1	1.369372E-4
-4.957996E-1	1.391365E-4
-4.956877E-1	1.412749E-4
-4.955620E-1	1.431363E-4
-4.954535E-1	1.456509E-4
-4.953218E-1	1.478714E-4
-4.952153E-1	1.502874E-4
-4.951433E-1	1.526536E-4
-4.950081E-1	1.551503E-4
-4.949104E-1	1.571749E-4
-4.948056E-1	1.589454E-4
-4.946815E-1	1.610584E-4
-4.945969E-1	1.630863E-4
-4.944658E-1	1.652193E-4
-4.943399E-1	1.675672E-4
-4.942177E-1	1.699253E-4
-4.941339E-1	1.727168E-4
-4.940183E-1	1.750515E-4
-4.939023E-1	1.771272E-4
-4.937796E-1	1.790908E-4
-4.936719E-1	1.812608E-4
-4.935329E-1	1.837295E-4
-4.934599E-1	1.855244E-4
-4.933447E-1	1.881806E-4
-4.932219E-1	1.901732E-4
-4.930819E-1	1.914547E-4
-4.929586E-1	1.932854E-4
-4.928812E-1	1.958210E-4
-4.927499E-1	1.980398E-4
-4.926604E-1	2.003383E-4
-4.925180E-1	2.019348E-4
-4.924335E-1	2.040768E-4
-4.923081E-1	2.057731E-4
-4.921902E-1	2.083418E-4
-4.920608E-1	2.104281E-4
-4.919466E-1	2.127855E-4
-4.918654E-1	2.140867E-4
-4.917251E-1	2.170191E-4
-4.916337E-1	2.188222E-4
-4.915046E-1	2.208016E-4
-4.913674E-1	2.223413E-4
-4.912993E-1	2.252201E-4
-4.911812E-1	2.261328E-4
-4.910535E-1	2.294261E-4
-4.909174E-1	2.325221E-4
-4.908149E-1	2.340540E-4
-4.907236E-1	2.357225E-4
-4.906170E-1	2.377012E-4
-4.904586E-1	2.395425E-4
-4.903992E-1	2.417993E-4
-4.902470E-1	2.437415E-4
-4.901784E-1	2.466192E-4
-4.900576E-1	2.487358E-4
-4.899285E-1	2.504174E-4
-4.897959E-1	2.527757E-4
-4.897066E-1	2.543290E-4
-4.895843E-1	2.561717E-4
-4.894830E-1	2.582764E-4
-4.893857E-1	2.604865E-4
-4.892793E-1	2.625900E-4
-4.891505E-1	2.646368E-4
-4.890422E-1	2.667813E-4
-4.889428E-1	2.689428E-4
-4.887976E-1	2.711880E-4
-4.886987E-1	2.735616E-4
-4.885670E-1	2.757905E-4
-4.884641E-1	2.782015E-4
-4.883948E-1	2.802480E-4
-4.882729E-1	2.824045E-4
-4.881241E-1	2.848547E-4
-4.880497E-1	2.873867E-4
-4.878956E-1	2.897905E-4
-4.878004E-1	2.920092E-4
-4.877029E-1	2.942158E-4
-4.875864E-1	2.964350E-4
-4.874970E-1	2.987238E-4
-4.873525E-1	3.009189E-4
-4.872558E-1	3.032572E-4
-4.871615E-1	3.052387E-4
-4.870367E-1	3.073563E-4
-4.869133E-1	3.091601E-4
-4.868343E-1	3.107946E-4
-4.867066E-1	3.127984E-4
-4.865985E-1	3.147418E-4
-4.865004E-1	3.166892E-4
-4.864206E-1	3.186251E-4
-4.862699E-1	3.204189E-4
-4.861688E-1	3.224028E-4
-4.860419E-1	3.244195E-4
-4.859457E-1	3.262776E-4
-4.858457E-1	3.287984E-4
-4.857377E-1	3.310428E-4
-4.856181E-1	3.331363E-4
-4.855214E-1	3.364867E-4
-4.853713E-1	3.382829E-4
-4.852682E-1	3.397264E-4
-4.851636E-1	3.432009E-4
-4.850597E-1	3.442078E-4
-4.849156E-1	3.450858E-4
-4.848023E-1	3.470015E-4
-4.847138E-1	3.485841E-4
-4.846114E-1	3.511198E-4
-4.844444E-1	3.529312E-4
-4.843678E-1	3.540156E-4
-4.842371E-1	3.554815E-4
-4.841561E-1	3.571863E-4
-4.840456E-1	3.590837E-4
-4.838871E-1	3.610328E-4
-4.837795E-1	3.627936E-4
-4.837117E-1	3.647090E-4
-4.835798E-1	3.664604E-4
-4.834588E-1	3.683759E-4
-4.834201E-1	3.676920E-4
-4.835404E-1	3.665975E-4
-4.836128E-1	3.648560E-4
-4.837014E-1	3.635539E-4
-4.838098E-1	3.624583E-4
-4.838972E-1	3.616407E-4
-4.839739E-1	3.603497E-4
-4.840481E-1	3.586637E-4
-4.841840E-1	3.575614E-4
-4.842579E-1	3.561214E-4
-4.843284E-1	3.548010E-4
-4.844359E-1	3.529658E-4
-4.845063E-1	3.507826E-4
-4.845992E-1	3.488613E-4
-4.846879E-1	3.481486E-4
-4.847777E-1	3.456273E-4
-4.848961E-1	3.440089E-4
-4.849746E-1	3.429197E-4
-4.850564E-1	3.409987E-4
-4.851790E-1	3.394776E-4
-4.852827E-1	3.376666E-4
-4.853519E-1	3.355959E-4
-4.854390E-1	3.334566E-4
-4.855338E-1	3.316271E-4
-4.856186E-1	3.296911E-4
-4.857103E-1	3.278631E-4
-4.858049E-1	3.262559E-4
-4.858899E-1	3.242955E-4
-4.859872E-1	3.223269E-4
-4.860454E-1	3.202295E-4
-4.861730E-1	3.180118E-4
-4.862428E-1	3.173019E-4
-4.863529E-1	3.154709E-4
-4.864071E-1	3.136843E-4
-4.865098E-1	3.109793E-4
-4.866067E-1	3.091485E-4
-4.866932E-1	3.070704E-4
-4.868117E-1	3.049564E-4
-4.868887E-1	3.028510E-4
-4.869720E-1	3.008074E-4
-4.870561E-1	2.989047E-4
-4.871534E-1	2.969943E-4
-4.872076E-1	2.951201E-4
-4.873204E-1	2.932224E-4
-4.874052E-1	2.914898E-4
-4.875091E-1	2.895925E-4
-4.875677E-1	2.877212E-4
-4.876978E-1	2.859348E-4
-4.877534E-1	2.841040E-4
-4.878689E-1	2.825426E-4
-4.879298E-1	2.808567E-4
-4.880596E-1	2.790013E-4
-4.881320E-1	2.774065E-4
-4.882380E-1	2.759704E-4
-4.882960E-1	2.747955E-4
-4.884175E-1	2.739000E-4
-4.885108E-1	2.730881E-4
-4.885965E-1	2.713653E-4
-4.886863E-1	2.707698E-4
-4.887388E-1	2.692259E-4
-4.888525E-1	2.678233E-4
-4.889899E-1	2.663408E-4
-4.890324E-1	2.653099E-4
-4.891167E-1	2.643835E-4
-4.892220E-1	2.634338E-4
-4.893101E-1	2.624762E-4
-4.894120E-1	2.616232E-4
-4.895133E-1	2.605981E-4
-4.896234E-1	2.597920E-4
-4.897136E-1	2.587837E-4
-4.897719E-1	2.579723E-4
-4.898516E-1	2.570236E-4
-4.899838E-1	2.562841E-4
-4.900662E-1	2.554015E-4
-4.901483E-1	2.552170E-4
-4.902579E-1	2.544830E-4
-4.903366E-1	2.539120E-4
-4.903962E-1	2.534855E-4
-4.905137E-1	2.526637E-4
-4.905793E-1	2.516635E-4
-4.906689E-1	2.509424E-4
-4.907872E-1	2.506185E-4
-4.908349E-1	2.498338E-4
-4.909264E-1	2.494182E-4
-4.910601E-1	2.495661E-4
-4.911189E-1	2.477637E-4
-4.912441E-1	2.473153E-4
-4.912998E-1	2.464993E-4
-4.914343E-1	2.462915E-4
-4.914766E-1	2.453258E-4
-4.915688E-1	2.444148E-4
-4.916793E-1	2.434113E-4
-4.918003E-1	2.428827E-4
-4.918577E-1	2.418951E-4
-4.919759E-1	2.409908E-4
-4.920538E-1	2.401946E-4
-4.921602E-1	2.399111E-4
-4.922407E-1	2.390133E-4
-4.922862E-1	2.386554E-4
-4.924310E-1	2.377548E-4
-4.925250E-1	2.375195E-4
-4.926080E-1	2.360079E-4
-4.927140E-1	2.354891E-4
-4.927983E-1	2.348403E-4
-4.928519E-1	2.337409E-4
-4.929650E-1	2.329026E-4
-4.930782E-1	2.320292E-4
-4.931667E-1	2.311203E-4
-4.932130E-1	2.293181E-4
-4.933469E-1	2.279695E-4
-4.934477E-1	2.268106E-4
-4.935289E-1	2.257262E-4
-4.935904E-1	2.248124E-4
-4.936732E-1	2.239670E-4
-4.937629E-1	2.230031E-4
-4.939027E-1	2.222281E-4
-4.939480E-1	2.220510E-4
-4.940464E-1	2.217506E-4
-4.941386E-1	2.202226E-4
-4.942083E-1	2.191679E-4
-4.943483E-1	2.187025E-4
-4.944252E-1	2.171562E-4
-4.945345E-1	2.162110E-4
-4.946024E-1	2.154344E-4
-4.946904E-1	2.140031E-4
-4.947780E-1	2.128077E-4
-4.949069E-1	2.118936E-4
-4.949858E-1	2.103433E-4
-4.950865E-1	2.090357E-4
-4.951778E-1	2.078375E-4
-4.952563E-1	2.067909E-4
-4.953523E-1	2.058321E-4
-4.954036E-1	2.048651E-4
-4.955301E-1	2.038121E-4
-4.956097E-1	2.024807E-4
-4.956986E-1	2.013671E-4
-4.957695E-1	1.998204E-4
-4.958829E-1	1.997334E-4
-4.959451E-1	1.982534E-4
-4.960755E-1	1.984991E-4
-4.961316E-1	1.962768E-4
-4.962516E-1	1.950682E-4
-4.963557E-1	1.935151E-4
-4.964375E-1	1.924207E-4
-4.965154E-1	1.907781E-4
-4.965817E-1	1.892090E-4
-4.966934E-1	1.883566E-4
-4.967954E-1	1.870841E-4
-4.968860E-1	1.854785E-4
-4.969576E-1	1.839846E-4
-4.970368E-1	1.832989E-4
-4.971370E-1	1.824587E-4
-4.972312E-1	1.805298E-4
-4.973306E-1	1.787656E-4
-4.974278E-1	1.773293E-4
-4.975183E-1	1.761264E-4
-4.975828E-1	1.741395E-4
-4.977197E-1	1.731165E-4
-4.977921E-1	1.719316E-4
-4.978354E-1	1.707563E-4
-4.979538E-1	1.691288E-4
-4.980565E-1	1.683006E-4
-4.981082E-1	1.664661E-4
-4.982414E-1	1.653055E-4
-4.983426E-1	1.640011E-4
-4.983899E-1	1.622391E-4
-4.985304E-1	1.608930E-4
-4.986123E-1	1.594798E-4
-4.987024E-1	1.578938E-4
-4.987705E-1	1.567519E-4
-4.988884E-1	1.549477E-4
-4.989362E-1	1.533804E-4
-4.990406E-1	1.517031E-4
-4.991441E-1	1.505188E-4
-4.992318E-1	1.489816E-4
-4.992884E-1	1.475997E-4
-4.993834E-1	1.462969E-4
-4.994675E-1	1.451520E-4
-4.995604E-1	1.440891E-4
-4.996758E-1	1.429954E-4
-4.997631E-1	1.415956E-4
-4.998858E-1	1.397595E-4
-4.999323E-1	1.383998E-4
-5.000627E-1	1.364838E-4
-5.001544E-1	1.360212E-4
-5.002460E-1	1.344455E-4
-5.002911E-1	1.331653E-4
-5.004158E-1	1.318042E-4
-5.004742E-1	1.305944E-4
-5.005883E-1	1.296343E-4
-5.006781E-1	1.279147E-4
-5.007472E-1	1.273367E-4
-5.008311E-1	1.256565E-4
-5.009532E-1	1.245115E-4
-5.010455E-1	1.228318E-4
-5.011355E-1	1.213532E-4
-5.012040E-1	1.197353E-4
-5.012995E-1	1.179529E-4
-5.013973E-1	1.167158E-4
-5.015030E-1	1.150451E-4
-5.015799E-1	1.133324E-4
-5.016998E-1	1.116734E-4
-5.017681E-1	1.100504E-4
-5.018476E-1	1.084645E-4
-5.019358E-1	1.072148E-4
-5.020513E-1	1.059620E-4
-5.021305E-1	1.043861E-4
-5.022365E-1	1.026909E-4
-5.023287E-1	1.014254E-4
-5.024130E-1	9.976369E-5
-5.024916E-1	9.834521E-5
-5.025936E-1	9.699339E-5
-5.026917E-1	9.545894E-5
-5.028151E-1	9.406211E-5
-5.028680E-1	9.281508E-5
-5.029701E-1	9.120315E-5
-5.030600E-1	8.984797E-5
-5.031592E-1	8.813913E-5
-5.032351E-1	8.679742E-5
-5.033433E-1	8.541531E-5
-5.034548E-1	8.380489E-5
-5.035362E-1	8.255023E-5
-5.036134E-1	8.095970E-5
-5.036834E-1	7.941694E-5
-5.038133E-1	7.788053E-5
-5.038785E-1	7.641649E-5
-5.039765E-1	7.496119E-5
-5.040779E-1	7.361867E-5
-5.041749E-1	7.217496E-5
-5.042195E-1	7.089245E-5
-5.043637E-1	6.942735E-5
-5.044465E-1	6.808258E-5
-5.045299E-1	6.681260E-5
-5.046256E-1	6.549216E-5
-5.047014E-1	6.342019E-5
-5.047890E-1	6.223150E-5
-5.048710E-1	6.105809E-5
-5.049803E-1	5.938360E-5
-5.050361E-1	5.794910E-5
-5.051698E-1	5.628507E-5
-5.052131E-1	5.471103E-5
-5.053398E-1	5.316355E-5
-5.054306E-1	5.112529E-5
-5.055120E-1	5.027688E-5
-5.056425E-1	4.916915E-5
-5.056842E-1	4.758308E-5
-5.058109E-1	4.566836E-5
-5.059050E-1	4.433524E-5
-5.060029E-1	4.267423E-5
-5.060515E-1	4.122841E-5
-5.061493E-1	3.979064E-5
-5.062781E-1	3.830288E-5
-5.063359E-1	3.676920E-5
-5.064421E-1	3.516517E-5
-5.065528E-1	3.379381E-5
-5.066228E-1	3.244447E-5
-5.066959E-1	3.069043E-5
-5.067965E-1	2.930334E-5
-5.068967E-1	2.785190E-5
-5.069686E-1	2.641170E-5
-5.070291E-1	2.515264E-5
-5.071437E-1	2.365353E-5
-5.072209E-1	2.208990E-5
-5.073007E-1	2.084632E-5
-5.073659E-1	1.911338E-5
-5.074934E-1	1.756020E-5
-5.075777E-1	1.647256E-5
-5.076526E-1	1.480172E-5
-5.077494E-1	1.351694E-5
-5.078271E-1	1.178130E-5
-5.079260E-1	1.025896E-5
-5.079799E-1	8.960617E-6
-5.080885E-1	7.293385E-6
-5.081895E-1	5.915240E-6
-5.082930E-1	4.494140E-6
-5.083936E-1	2.645807E-6
-5.084636E-1	8.877495E-7
-5.085533E-1	-6.087658E-7
-5.086386E-1	-2.344751E-6
-5.087370E-1	-4.061154E-6
-5.088212E-1	-5.498423E-6
-5.088786E-1	-6.960420E-6
-5.089762E-1	-8.286589E-6
-5.090974E-1	-1.003165E-5
-5.091531E-1	-1.177139E-5
-5.092382E-1	-1.307024E-5
-5.093902E-1	-1.497275E-5
-5.094590E-1	-1.640870E-5
-5.095431E-1	-1.779957E-5
-5.096416E-1	-1.930581E-5
-5.097347E-1	-2.096776E-5
-5.098029E-1	-2.263461E-5
-5.099405E-1	-2.430501E-5
-5.099934E-1	-2.599476E-5
-5.100831E-1	-2.759429E-5
-5.101646E-1	-2.911685E-5
-5.102926E-1	-3.053729E-5
-5.103682E-1	-3.195796E-5
-5.104622E-1	-3.340438E-5
-5.105837E-1	-3.458930E-5
-5.106338E-1	-3.659145E-5
-5.107449E-1	-3.791671E-5
-5.108487E-1	-3.936280E-5
-5.109281E-1	-4.078544E-5
-5.110267E-1	-4.242115E-5
-5.111050E-1	-4.397594E-5
-5.111951E-1	-4.553253E-5
-5.112654E-1	-4.698600E-5
-5.113536E-1	-4.920035E-5
-5.114615E-1	-5.062188E-5
-5.115703E-1	-5.250916E-5
-5.116218E-1	-5.433241E-5
-5.117363E-1	-5.542260E-5
-5.117949E-1	-5.692551E-5
-5.118940E-1	-5.847681E-5
-5.119899E-1	-6.007698E-5
-5.120711E-1	-6.197815E-5
-5.121437E-1	-6.364732E-5
-5.122367E-1	-6.527928E-5
-5.123402E-1	-6.747989E-5
-5.124655E-1	-6.926072E-5
-5.125611E-1	-7.034909E-5
-5.126476E-1	-7.249655E-5
-5.126991E-1	-7.423839E-5
-5.127839E-1	-7.580085E-5
-5.129229E-1	-7.701244E-5
-5.129926E-1	-7.881923E-5
-5.130953E-1	-8.081851E-5
-5.131396E-1	-8.232770E-5
-5.132631E-1	-8.356883E-5
-5.133321E-1	-8.559223E-5
-5.134613E-1	-8.708305E-5
-5.135172E-1	-8.893603E-5
-5.135949E-1	-9.000468E-5
-5.136996E-1	-9.186236E-5
-5.137724E-1	-9.314054E-5
-5.139084E-1	-9.467735E-5
-5.139674E-1	-9.771006E-5
-5.140949E-1	-9.942184E-5
-5.141427E-1	-1.006086E-4
-5.142556E-1	-1.023672E-4
-5.143666E-1	-1.041572E-4
-5.144115E-1	-1.057487E-4
-5.145354E-1	-1.072000E-4
-5.145933E-1	-1.092079E-4
-5.147326E-1	-1.108923E-4
-5.147772E-1	-1.126375E-4
-5.149044E-1	-1.142507E-4
-5.149965E-1	-1.160775E-4
-5.150896E-1	-1.177712E-4
-5.151724E-1	-1.193066E-4
-5.152180E-1	-1.206633E-4
-5.153274E-1	-1.227749E-4
-5.154630E-1	-1.242905E-4
-5.155409E-1	-1.257346E-4
-5.156006E-1	-1.270768E-4
-5.156984E-1	-1.287275E-4
-5.158060E-1	-1.301362E-4
-5.158806E-1	-1.321269E-4
-5.159666E-1	-1.336693E-4
-5.160868E-1	-1.352550E-4
-5.161547E-1	-1.363657E-4
-5.162700E-1	-1.378175E-4
-5.163471E-1	-1.394242E-4
-5.164164E-1	-1.409164E-4
-5.165296E-1	-1.424761E-4
-5.165918E-1	-1.441791E-4
-5.167051E-1	-1.458377E-4
-5.167794E-1	-1.472856E-4
-5.168716E-1	-1.493444E-4
-5.169456E-1	-1.510507E-4
-5.170593E-1	-1.525428E-4
-5.171148E-1	-1.544321E-4
-5.172176E-1	-1.559593E-4
-5.173396E-1	-1.573621E-4
-5.173838E-1	-1.593446E-4
-5.174926E-1	-1.605697E-4
-5.175690E-1	-1.626611E-4
-5.176927E-1	-1.638547E-4
-5.177617E-1	-1.651003E-4
-5.178572E-1	-1.672598E-4
-5.179704E-1	-1.686453E-4
-5.180347E-1	-1.705582E-4
-5.181494E-1	-1.727563E-4
-5.182645E-1	-1.743985E-4
-5.183148E-1	-1.760604E-4
-5.184062E-1	-1.777493E-4
-5.185482E-1	-1.798314E-4
-5.185872E-1	-1.814315E-4
-5.186935E-1	-1.833260E-4
-5.187587E-1	-1.851522E-4
-5.188703E-1	-1.869147E-4
-5.189591E-1	-1.886169E-4
-5.190698E-1	-1.907754E-4
-5.191681E-1	-1.928741E-4
-5.192289E-1	-1.944278E-4
-5.193339E-1	-1.961333E-4
-5.194059E-1	-1.980739E-4
-5.194812E-1	-1.993447E-4
-5.196034E-1	-2.013733E-4
-5.196826E-1	-2.031609E-4
-5.197573E-1	-2.052112E-4
-5.198438E-1	-2.070129E-4
-5.199563E-1	-2.090186E-4
-5.200186E-1	-2.106644E-4
-5.200998E-1	-2.132224E-4
-5.202250E-1	-2.148044E-4
-5.202832E-1	-2.165105E-4
-5.204163E-1	-2.184361E-4
-5.205019E-1	-2.206918E-4
-5.205599E-1	-2.226896E-4
-5.206666E-1	-2.250308E-4
-5.207788E-1	-2.269843E-4
-5.208936E-1	-2.290276E-4
-5.209797E-1	-2.311879E-4
-5.210319E-1	-2.328991E-4
-5.211284E-1	-2.349227E-4
-5.212021E-1	-2.367493E-4
-5.213037E-1	-2.382067E-4
-5.214182E-1	-2.414076E-4
-5.215110E-1	-2.428604E-4
-5.215994E-1	-2.445349E-4
-5.216707E-1	-2.469537E-4
-5.217500E-1	-2.484597E-4
-5.218621E-1	-2.508112E-4
-5.219220E-1	-2.526682E-4
-5.220603E-1	-2.545888E-4
-5.221377E-1	-2.561102E-4
-5.222223E-1	-2.584429E-4
-5.222952E-1	-2.601701E-4
-5.224208E-1	-2.617203E-4
-5.224813E-1	-2.632739E-4
-5.225973E-1	-2.646475E-4
-5.226883E-1	-2.660954E-4
-5.227432E-1	-2.680055E-4
-5.228390E-1	-2.693733E-4
-5.229458E-1	-2.715766E-4
-5.230120E-1	-2.727817E-4
-5.231338E-1	-2.742131E-4
-5.232005E-1	-2.759321E-4
-5.233254E-1	-2.774576E-4
-5.233667E-1	-2.791858E-4
-5.234678E-1	-2.807847E-4
-5.235804E-1	-2.821972E-4
-5.236822E-1	-2.835141E-4
-5.237860E-1	-2.851261E-4
-5.238523E-1	-2.870912E-4
-5.239628E-1	-2.889127E-4
-5.240446E-1	-2.906028E-4
-5.241394E-1	-2.924537E-4
-5.242013E-1	-2.934555E-4
-5.243121E-1	-2.949067E-4
-5.244206E-1	-2.959169E-4
-5.244929E-1	-2.976993E-4
-5.245838E-1	-2.993089E-4
-5.246607E-1	-3.009885E-4
-5.247359E-1	-3.023057E-4
-5.248708E-1	-3.036309E-4
-5.249648E-1	-3.046224E-4
-5.250609E-1	-3.069279E-4
-5.251406E-1	-3.081565E-4
-5.252075E-1	-3.099322E-4
-5.253318E-1	-3.110056E-4
-5.253804E-1	-3.126041E-4
-5.254680E-1	-3.147656E-4
-5.256043E-1	-3.170066E-4
-5.256737E-1	-3.189890E-4
-5.257457E-1	-3.206371E-4
-5.258419E-1	-3.222170E-4
-5.259255E-1	-3.238758E-4
-5.260334E-1	-3.252083E-4
-5.260957E-1	-3.273801E-4
-5.262021E-1	-3.291963E-4
-5.262938E-1	-3.310769E-4
-5.264068E-1	-3.327615E-4
-5.264905E-1	-3.348055E-4
-5.265762E-1	-3.363561E-4
-5.266577E-1	-3.377192E-4
-5.267723E-1	-3.393145E-4
-5.268516E-1	-3.408107E-4
-5.269260E-1	-3.423151E-4
-5.270387E-1	-3.441133E-4
-5.271230E-1	-3.456726E-4
-5.271842E-1	-3.471237E-4
-5.272651E-1	-3.489692E-4
-5.273582E-1	-3.505123E-4
-5.274584E-1	-3.524348E-4
-5.275341E-1	-3.539771E-4
-5.276516E-1	-3.554966E-4
-5.277507E-1	-3.572354E-4
-5.278275E-1	-3.588783E-4
-5.278757E-1	-3.605140E-4
-5.280017E-1	-3.624687E-4
-5.280937E-1	-3.643922E-4
-5.281904E-1	-3.663070E-4
-5.282467E-1	-3.680910E-4
-5.283504E-1	-3.698244E-4
-5.284630E-1	-3.718698E-4
-5.285578E-1	-3.739778E-4
-5.286197E-1	-3.762314E-4
-5.287177E-1	-3.781746E-4
-5.288105E-1	-3.797977E-4
-5.289031E-1	-3.823183E-4
-5.289567E-1	-3.841626E-4
