-6.890563E-1	-3.437628E-2
-6.880021E-1	-3.333988E-2
-6.869339E-1	-3.246820E-2
-6.858634E-1	-3.157760E-2
-6.848071E-1	-3.076521E-2
-6.837849E-1	-3.003030E-2
-6.827442E-1	-2.929138E-2
-6.816925E-1	-2.864731E-2
-6.806503E-1	-2.807652E-2
-6.796226E-1	-2.745547E-2
-6.785576E-1	-2.686320E-2
-6.774889E-1	-2.628674E-2
-6.764791E-1	-2.572788E-2
-6.754267E-1	-2.520719E-2
-6.743695E-1	-2.464251E-2
-6.733437E-1	-2.415507E-2
-6.723074E-1	-2.364588E-2
-6.713107E-1	-2.316816E-2
-6.702681E-1	-2.270505E-2
-6.692317E-1	-2.224465E-2
-6.681829E-1	-2.178255E-2
-6.671135E-1	-2.135444E-2
-6.660736E-1	-2.093468E-2
-6.650573E-1	-2.051532E-2
-6.640108E-1	-2.009561E-2
-6.629683E-1	-1.968033E-2
-6.619360E-1	-1.931149E-2
-6.608998E-1	-1.893596E-2
-6.598528E-1	-1.852723E-2
-6.588052E-1	-1.817602E-2
-6.577575E-1	-1.778048E-2
-6.567450E-1	-1.744805E-2
-6.557018E-1	-1.709291E-2
-6.546631E-1	-1.673504E-2
-6.536353E-1	-1.640802E-2
-6.525807E-1	-1.607047E-2
-6.515781E-1	-1.574592E-2
-6.505423E-1	-1.542689E-2
-6.494748E-1	-1.509647E-2
-6.484600E-1	-1.480697E-2
-6.474284E-1	-1.447743E-2
-6.463640E-1	-1.417714E-2
-6.453347E-1	-1.390769E-2
-6.442959E-1	-1.360832E-2
-6.432722E-1	-1.333651E-2
-6.422275E-1	-1.305387E-2
-6.411673E-1	-1.275932E-2
-6.401628E-1	-1.251638E-2
-6.391056E-1	-1.224045E-2
-6.380590E-1	-1.196121E-2
-6.370476E-1	-1.174280E-2
-6.360062E-1	-1.147928E-2
-6.349730E-1	-1.123154E-2
-6.339396E-1	-1.100464E-2
-6.329148E-1	-1.076381E-2
-6.318855E-1	-1.054239E-2
-6.308643E-1	-1.030108E-2
-6.298344E-1	-1.009872E-2
-6.287788E-1	-9.883338E-3
-6.277343E-1	-9.659904E-3
-6.267098E-1	-9.449560E-3
-6.256853E-1	-9.231863E-3
-6.246742E-1	-9.046806E-3
-6.236331E-1	-8.840760E-3
-6.225913E-1	-8.655883E-3
-6.215499E-1	-8.459525E-3
-6.204972E-1	-8.266532E-3
-6.194495E-1	-8.079475E-3
-6.184183E-1	-7.915402E-3
-6.173718E-1	-7.737856E-3
-6.163545E-1	-7.568713E-3
-6.153305E-1	-7.392699E-3
-6.143421E-1	-7.223280E-3
-6.132795E-1	-7.064273E-3
-6.122446E-1	-6.911837E-3
-6.112318E-1	-6.748408E-3
-6.101995E-1	-6.594396E-3
-6.091726E-1	-6.451310E-3
-6.081465E-1	-6.299319E-3
-6.071293E-1	-6.153697E-3
-6.061043E-1	-6.008555E-3
-6.050410E-1	-5.870541E-3
-6.039919E-1	-5.727853E-3
-6.029759E-1	-5.604540E-3
-6.019386E-1	-5.478437E-3
-6.009090E-1	-5.350392E-3
-5.998799E-1	-5.222806E-3
-5.988626E-1	-5.105604E-3
-5.978302E-1	-4.984579E-3
-5.967866E-1	-4.866489E-3
-5.957385E-1	-4.753288E-3
-5.947094E-1	-4.638435E-3
-5.936701E-1	-4.536553E-3
-5.926567E-1	-4.429806E-3
-5.916210E-1	-4.324069E-3
-5.905777E-1	-4.221104E-3
-5.895759E-1	-4.119976E-3
-5.885867E-1	-4.022446E-3
-5.875303E-1	-3.927650E-3
-5.865078E-1	-3.832711E-3
-5.854782E-1	-3.741511E-3
-5.844398E-1	-3.650836E-3
-5.834098E-1	-3.563303E-3
-5.823637E-1	-3.476549E-3
-5.813126E-1	-3.399109E-3
-5.803088E-1	-3.316019E-3
-5.792909E-1	-3.234863E-3
-5.782374E-1	-3.158999E-3
-5.772411E-1	-3.081668E-3
-5.761895E-1	-3.006332E-3
-5.751520E-1	-2.932490E-3
-5.741351E-1	-2.857449E-3
-5.730714E-1	-2.792198E-3
-5.720557E-1	-2.721648E-3
-5.710368E-1	-2.660813E-3
-5.700051E-1	-2.595511E-3
-5.689674E-1	-2.531571E-3
-5.679348E-1	-2.467525E-3
-5.669142E-1	-2.406472E-3
-5.658678E-1	-2.347154E-3
-5.648747E-1	-2.288596E-3
-5.638548E-1	-2.230748E-3
-5.627861E-1	-2.174842E-3
-5.617598E-1	-2.120546E-3
-5.607588E-1	-2.069339E-3
-5.597228E-1	-2.019052E-3
-5.586651E-1	-1.967416E-3
-5.576635E-1	-1.916590E-3
-5.565258E-1	-1.857949E-3
-5.554979E-1	-1.811011E-3
-5.544565E-1	-1.767382E-3
-5.534416E-1	-1.722108E-3
-5.524060E-1	-1.678105E-3
-5.513670E-1	-1.635165E-3
-5.503451E-1	-1.592336E-3
-5.493134E-1	-1.551319E-3
-5.483299E-1	-1.512113E-3
-5.472920E-1	-1.474377E-3
-5.462683E-1	-1.438551E-3
-5.452197E-1	-1.400167E-3
-5.442364E-1	-1.364478E-3
-5.432025E-1	-1.327982E-3
-5.422009E-1	-1.292109E-3
-5.411564E-1	-1.256258E-3
-5.401207E-1	-1.223057E-3
-5.390808E-1	-1.189832E-3
-5.380701E-1	-1.158066E-3
-5.370438E-1	-1.126515E-3
-5.360184E-1	-1.095264E-3
-5.349852E-1	-1.064743E-3
-5.339506E-1	-1.035187E-3
-5.329300E-1	-1.005521E-3
-5.318944E-1	-9.750116E-4
-5.308747E-1	-9.511564E-4
-5.298347E-1	-9.241063E-4
-5.288030E-1	-8.964253E-4
-5.278024E-1	-8.692812E-4
-5.268081E-1	-8.434345E-4
-5.257801E-1	-8.174100E-4
-5.247078E-1	-7.924036E-4
-5.236742E-1	-7.677454E-4
-5.226568E-1	-7.437207E-4
-5.216227E-1	-7.203335E-4
-5.205820E-1	-6.966690E-4
-5.195624E-1	-6.739038E-4
-5.185390E-1	-6.521965E-4
-5.175112E-1	-6.308895E-4
-5.164931E-1	-6.088190E-4
-5.154913E-1	-5.872189E-4
-5.144564E-1	-5.665781E-4
-5.134159E-1	-5.460485E-4
-5.123643E-1	-5.241132E-4
-5.113480E-1	-5.051293E-4
-5.102978E-1	-4.857434E-4
-5.092668E-1	-4.671288E-4
-5.082738E-1	-4.480985E-4
-5.072653E-1	-4.301054E-4
-5.062802E-1	-4.116622E-4
-5.052466E-1	-3.931204E-4
-5.042109E-1	-3.751837E-4
-5.031596E-1	-3.561339E-4
-5.021211E-1	-3.431991E-4
-5.011078E-1	-3.263600E-4
-5.000832E-1	-3.088419E-4
-4.990649E-1	-2.921476E-4
-4.980348E-1	-2.754852E-4
-4.970066E-1	-2.588559E-4
-4.959721E-1	-2.427389E-4
-4.949445E-1	-2.267962E-4
-4.939197E-1	-2.109449E-4
-4.928880E-1	-1.947555E-4
-4.918409E-1	-1.794488E-4
-4.907498E-1	-1.627817E-3
-4.897479E-1	-1.475994E-4
-4.887108E-1	-1.334867E-4
-4.876852E-1	-1.180014E-4
-4.866708E-1	-1.030542E-4
-4.856659E-1	-8.869466E-5
-4.846733E-1	-7.448566E-5
-4.836303E-1	-5.983320E-5
-4.826318E-1	-4.510181E-5
-4.815664E-1	-3.029954E-5
-4.805661E-1	-1.522646E-5
-4.795440E-1	-8.783286E-7
-4.785293E-1	1.324467E-5
-4.775046E-1	2.764030E-5
-4.764765E-1	4.173445E-5
-4.754871E-1	5.656468E-5
-4.744560E-1	7.115284E-5
-4.734373E-1	8.563577E-5
-4.723930E-1	1.008720E-4
-4.713939E-1	1.150311E-4
-4.703549E-1	1.305907E-4
-4.693105E-1	1.456350E-4
-4.682901E-1	1.588146E-4
-4.672684E-1	1.739207E-4
-4.662936E-1	1.897653E-4
-4.653039E-1	2.055614E-4
-4.643038E-1	2.211648E-4
-4.632222E-1	1.580454E-4
-4.621283E-1	2.556180E-4
-4.611052E-1	2.721467E-4
-4.600516E-1	2.885113E-4
-4.590563E-1	3.057299E-4
-4.580196E-1	3.229041E-4
-4.569795E-1	3.400382E-4
-4.559496E-1	3.566535E-4
-4.549314E-1	3.731395E-4
-4.539036E-1	3.904231E-4
-4.528596E-1	4.081202E-4
-4.518692E-1	4.258902E-4
-4.508082E-1	4.451742E-4
-4.497927E-1	4.649446E-4
-4.487722E-1	4.844438E-4
-4.477117E-1	5.043916E-4
-4.467008E-1	5.246752E-4
-4.457163E-1	5.436040E-4
-4.447097E-1	5.634394E-4
-4.436521E-1	5.849602E-4
-4.426546E-1	6.072663E-4
-4.416159E-1	6.303058E-4
-4.406183E-1	6.533329E-4
-4.395847E-1	6.768045E-4
-4.385537E-1	7.008634E-4
-4.375111E-1	7.254156E-4
-4.365025E-1	7.504459E-4
-4.354252E-1	7.759767E-4
-4.343977E-1	8.021928E-4
-4.333755E-1	8.301145E-4
-4.323710E-1	8.596311E-4
-4.313435E-1	8.889425E-4
-4.302966E-1	9.208307E-4
-4.292916E-1	9.523361E-4
-4.282682E-1	9.865332E-4
-4.272426E-1	1.021866E-3
-4.272714E-1	1.027477E-3
-4.282779E-1	1.006765E-3
-4.292662E-1	9.851292E-4
-4.302671E-1	9.615368E-4
-4.312596E-1	9.363428E-4
-4.323043E-1	9.129562E-4
-4.332863E-1	8.906766E-4
-4.343056E-1	8.675709E-4
-4.353235E-1	8.449992E-4
-4.363189E-1	8.221098E-4
-4.373316E-1	7.994465E-4
-4.383297E-1	7.782653E-4
-4.393651E-1	7.560043E-4
-4.403635E-1	7.344835E-4
-4.413491E-1	7.131652E-4
-4.423466E-1	6.914497E-4
-4.433625E-1	6.699019E-4
-4.443555E-1	6.501190E-4
-4.453866E-1	6.301617E-4
-4.463414E-1	6.092556E-4
-4.473518E-1	5.888419E-4
-4.483805E-1	5.680650E-4
-4.493525E-1	5.498237E-4
-4.503549E-1	5.312074E-4
-4.513761E-1	5.124843E-4
-4.523841E-1	4.944808E-4
-4.534102E-1	4.766220E-4
-4.544108E-1	4.581835E-4
-4.554024E-1	4.407395E-4
-4.564034E-1	4.232074E-4
-4.574189E-1	4.061380E-4
-4.584447E-1	3.894215E-4
-4.594352E-1	3.733734E-4
-4.604564E-1	3.575867E-4
-4.614618E-1	3.423565E-4
-4.624498E-1	3.271957E-4
-4.634857E-1	3.112899E-4
-4.644906E-1	2.957117E-4
-4.654899E-1	2.804216E-4
-4.664480E-1	2.652617E-4
-4.674437E-1	2.496478E-4
-4.684424E-1	2.343411E-4
-4.694721E-1	2.193645E-4
-4.704944E-1	2.041397E-4
-4.714507E-1	1.889734E-4
-4.725504E-1	1.725956E-4
-4.735458E-1	1.578189E-4
-4.745307E-1	1.413503E-4
-4.755608E-1	1.273160E-4
-4.765372E-1	1.126984E-4
-4.775173E-1	9.821941E-5
-4.785013E-1	8.408238E-5
-4.795168E-1	6.845317E-5
-4.805394E-1	5.437554E-5
-4.815303E-1	4.067889E-5
-4.825368E-1	2.689554E-5
-4.835117E-1	1.252745E-5
-4.844994E-1	-2.064593E-6
-4.855124E-1	-1.649780E-5
-4.865287E-1	-3.060115E-5
-4.874884E-1	-4.593924E-5
-4.884956E-1	-6.119909E-5
-4.894978E-1	-7.515646E-5
-4.904806E-1	-8.936713E-5
-4.914659E-1	-1.033635E-4
-4.924731E-1	-1.188011E-4
-4.934843E-1	-1.335889E-4
-4.944927E-1	-1.486508E-4
-4.955091E-1	-1.637668E-4
-4.964976E-1	-1.791046E-4
-4.974601E-1	-1.949101E-4
-4.984670E-1	-2.095292E-4
-4.994616E-1	-2.250642E-4
-5.004451E-1	-2.405661E-4
-5.015602E-1	-6.539086E-5
-5.025726E-1	-2.745277E-4
-5.035903E-1	-2.916412E-4
-5.045855E-1	-3.081883E-4
-5.056295E-1	-3.243091E-4
-5.065947E-1	-3.412911E-4
-5.075553E-1	-3.584626E-4
-5.085410E-1	-3.764728E-4
-5.095287E-1	-3.961089E-4
-5.105663E-1	-4.154730E-4
-5.115440E-1	-4.348145E-4
-5.125867E-1	-4.545969E-4
-5.135765E-1	-4.741234E-4
-5.145811E-1	-4.950568E-4
-5.156023E-1	-5.186554E-4
-5.165914E-1	-5.385886E-4
-5.175986E-1	-5.585555E-4
-5.186235E-1	-5.787783E-4
-5.196207E-1	-5.997822E-4
-5.206039E-1	-6.220413E-4
-5.216034E-1	-6.448143E-4
-5.226096E-1	-6.682720E-4
-5.236583E-1	-6.928597E-4
-5.246486E-1	-7.178581E-4
-5.256400E-1	-7.432177E-4
-5.266653E-1	-7.685972E-4
-5.276422E-1	-7.952005E-4
-5.286021E-1	-8.211049E-4
-5.296483E-1	-8.490021E-4
-5.306345E-1	-8.757116E-4
-5.316702E-1	-9.055336E-4
-5.326386E-1	-9.344101E-4
-5.336177E-1	-9.660578E-4
-5.346380E-1	-9.955370E-4
-5.356359E-1	-1.026995E-3
-5.366662E-1	-1.057622E-3
-5.376675E-1	-1.090191E-3
-5.386862E-1	-1.123551E-3
-5.396770E-1	-1.157217E-3
-5.406997E-1	-1.191666E-3
-5.417147E-1	-1.226333E-3
-5.427162E-1	-1.262792E-3
-5.437181E-1	-1.299888E-3
-5.446684E-1	-1.342416E-3
-5.456858E-1	-1.381095E-3
-5.467040E-1	-1.420155E-3
-5.476923E-1	-1.460439E-3
-5.487053E-1	-1.501817E-3
-5.496951E-1	-1.543080E-3
-5.507051E-1	-1.586655E-3
-5.517258E-1	-1.631152E-3
-5.526978E-1	-1.677066E-3
-5.537185E-1	-1.723836E-3
-5.546867E-1	-1.772661E-3
-5.557100E-1	-1.821944E-3
-5.566990E-1	-1.872563E-3
-5.577209E-1	-1.925000E-3
-5.587052E-1	-1.977692E-3
-5.597371E-1	-2.031393E-3
-5.607444E-1	-2.086127E-3
-5.617651E-1	-2.148364E-3
-5.627488E-1	-2.206132E-3
-5.637350E-1	-2.263844E-3
-5.648374E-1	-2.335608E-3
-5.658461E-1	-2.399916E-3
-5.668562E-1	-2.466863E-3
-5.678656E-1	-2.531404E-3
-5.688228E-1	-2.597969E-3
-5.698441E-1	-2.666274E-3
-5.708807E-1	-2.737603E-3
-5.718766E-1	-2.807775E-3
-5.729025E-1	-2.881327E-3
-5.738896E-1	-2.957146E-3
-5.749242E-1	-3.033074E-3
-5.759249E-1	-3.109838E-3
-5.769473E-1	-3.188008E-3
-5.779308E-1	-3.273782E-3
-5.789578E-1	-3.361025E-3
-5.799550E-1	-3.444373E-3
-5.809229E-1	-3.528028E-3
-5.819539E-1	-3.615944E-3
-5.829634E-1	-3.705197E-3
-5.839762E-1	-3.796603E-3
-5.849655E-1	-3.891066E-3
-5.860130E-1	-3.985624E-3
-5.870320E-1	-4.091000E-3
-5.880169E-1	-4.194752E-3
-5.890386E-1	-4.291562E-3
-5.899992E-1	-4.396664E-3
-5.909715E-1	-4.498951E-3
-5.919787E-1	-4.604972E-3
-5.930171E-1	-4.715363E-3
-5.940131E-1	-4.826253E-3
-5.950131E-1	-4.937027E-3
-5.960256E-1	-5.051983E-3
-5.970568E-1	-5.179185E-3
-5.980633E-1	-5.308650E-3
-5.990470E-1	-5.425663E-3
-6.000415E-1	-5.547556E-3
-6.010692E-1	-5.674141E-3
-6.020640E-1	-5.800885E-3
-6.030464E-1	-5.931571E-3
-6.040806E-1	-6.059483E-3
-6.050897E-1	-6.214053E-3
-6.060920E-1	-6.350195E-3
-6.071167E-1	-6.489643E-3
-6.081550E-1	-6.625947E-3
-6.091634E-1	-6.775460E-3
-6.101355E-1	-6.930826E-3
-6.111301E-1	-7.077417E-3
-6.121355E-1	-7.227169E-3
-6.131596E-1	-7.390365E-3
-6.141502E-1	-7.548035E-3
-6.151638E-1	-7.700850E-3
-6.161417E-1	-7.868058E-3
-6.171668E-1	-8.025179E-3
-6.181842E-1	-8.211417E-3
-6.192043E-1	-8.378807E-3
-6.201778E-1	-8.556292E-3
-6.211933E-1	-8.730732E-3
-6.222353E-1	-8.915029E-3
-6.232477E-1	-9.092682E-3
-6.242624E-1	-9.278995E-3
-6.252672E-1	-9.479994E-3
-6.262569E-1	-9.668870E-3
-6.272707E-1	-9.875456E-3
-6.282844E-1	-1.007421E-2
-6.293051E-1	-1.026688E-2
-6.303034E-1	-1.046515E-2
-6.312654E-1	-1.068951E-2
-6.322973E-1	-1.090143E-2
-6.332808E-1	-1.110695E-2
-6.342823E-1	-1.133364E-2
-6.353048E-1	-1.154637E-2
-6.363447E-1	-1.177270E-2
-6.373187E-1	-1.200393E-2
-6.383287E-1	-1.223205E-2
-6.393648E-1	-1.247676E-2
-6.403862E-1	-1.271123E-2
-6.413540E-1	-1.296499E-2
-6.424089E-1	-1.319056E-2
-6.434173E-1	-1.345960E-2
-6.444287E-1	-1.370182E-2
-6.454542E-1	-1.395003E-2
-6.464163E-1	-1.423145E-2
-6.474668E-1	-1.449540E-2
-6.484751E-1	-1.475234E-2
-6.494906E-1	-1.500185E-2
-6.504708E-1	-1.530693E-2
-6.515017E-1	-1.556906E-2
-6.525333E-1	-1.586924E-2
-6.535103E-1	-1.614997E-2
-6.545247E-1	-1.646109E-2
-6.555698E-1	-1.675400E-2
-6.565641E-1	-1.704193E-2
-6.575614E-1	-1.734647E-2
-6.585584E-1	-1.765781E-2
-6.595826E-1	-1.794081E-2
-6.606249E-1	-1.826996E-2
-6.616162E-1	-1.861715E-2
-6.626349E-1	-1.891353E-2
-6.636366E-1	-1.926543E-2
-6.646307E-1	-1.957835E-2
-6.656811E-1	-1.995732E-2
-6.666618E-1	-2.026212E-2
-6.677241E-1	-2.064856E-2
-6.687036E-1	-2.098897E-2
-6.697228E-1	-2.133539E-2
-6.707341E-1	-2.165386E-2
-6.717611E-1	-2.206614E-2
-6.727049E-1	-2.244255E-2
-6.737344E-1	-2.279962E-2
-6.747361E-1	-2.318756E-2
-6.757774E-1	-2.353382E-2
-6.767955E-1	-2.392613E-2
-6.778076E-1	-2.431639E-2
-6.787934E-1	-2.470687E-2
-6.798561E-1	-2.510760E-2
-6.808695E-1	-2.550893E-2
-6.818461E-1	-2.592321E-2
-6.828473E-1	-2.633938E-2
-6.838999E-1	-2.673989E-2
-6.848872E-1	-2.715195E-2
-6.859068E-1	-2.758067E-2
-6.869038E-1	-2.800279E-2
-6.879331E-1	-2.843642E-2
-6.890086E-1	-2.890169E-2
-6.895810E-1	-2.916524E-2
-6.895305E-1	-2.909121E-2
-6.888678E-1	1.976896E-6
-6.888072E-1	1.846467E-6
-4.661313E-1	4.076221E-6
-4.659870E-1	3.747838E-6
-4.661282E-1	3.932903E-6
