-5.013552E-1	-4.599712E-4
-5.012914E-1	-4.583338E-4
-5.012028E-1	-4.573657E-4
-5.010321E-1	-4.563679E-4
-5.009637E-1	-4.551311E-4
-5.008072E-1	-4.538864E-4
-5.007178E-1	-4.520820E-4
-5.006008E-1	-4.501615E-4
-5.004602E-1	-4.480921E-4
-5.003765E-1	-4.455895E-4
-5.002329E-1	-4.431811E-4
-5.001295E-1	-4.413144E-4
-5.000317E-1	-4.384925E-4
-4.999030E-1	-4.355906E-4
-4.997900E-1	-4.330825E-4
-4.996839E-1	-4.304341E-4
-4.995368E-1	-4.278737E-4
-4.994438E-1	-4.245754E-4
-4.993342E-1	-4.225627E-4
-4.992359E-1	-4.198228E-4
-4.991200E-1	-4.173579E-4
-4.989820E-1	-4.157140E-4
-4.988773E-1	-4.131520E-4
-4.987711E-1	-4.105558E-4
-4.986631E-1	-4.078052E-4
-4.985527E-1	-4.052792E-4
-4.984096E-1	-4.038967E-4
-4.982831E-1	-4.023299E-4
-4.982017E-1	-4.008517E-4
-4.980409E-1	-4.050555E-4
-4.979376E-1	-4.036887E-4
-4.978530E-1	-4.015241E-4
-4.977135E-1	-3.990016E-4
-4.976233E-1	-3.954664E-4
-4.974848E-1	-3.907968E-4
-4.973653E-1	-3.860942E-4
-4.972754E-1	-3.814864E-4
-4.971262E-1	-3.778398E-4
-4.970505E-1	-3.741916E-4
-4.969326E-1	-3.708337E-4
-4.968240E-1	-3.677670E-4
-4.966806E-1	-3.655720E-4
-4.965889E-1	-3.639819E-4
-4.964920E-1	-3.614847E-4
-4.963483E-1	-3.579522E-4
-4.962164E-1	-3.543355E-4
-4.961579E-1	-3.514803E-4
-4.960307E-1	-3.487196E-4
-4.959112E-1	-3.457373E-4
-4.957987E-1	-3.419083E-4
-4.956495E-1	-3.378084E-4
-4.955723E-1	-3.334593E-4
-4.954093E-1	-3.302609E-4
-4.953212E-1	-3.263697E-4
-4.951885E-1	-3.224732E-4
-4.951096E-1	-3.192457E-4
-4.949851E-1	-3.175709E-4
-4.948476E-1	-3.165757E-4
-4.947493E-1	-3.140103E-4
-4.946001E-1	-3.119224E-4
-4.944917E-1	-3.096698E-4
-4.943796E-1	-3.062477E-4
-4.942946E-1	-3.027239E-4
-4.941692E-1	-2.990506E-4
-4.940361E-1	-2.946619E-4
-4.939200E-1	-2.900512E-4
-4.938207E-1	-2.858016E-4
-4.936827E-1	-2.821989E-4
-4.936073E-1	-2.791040E-4
-4.934846E-1	-2.756181E-4
-4.933430E-1	-2.724234E-4
-4.932177E-1	-2.710141E-4
-4.931169E-1	-2.693198E-4
-4.930269E-1	-2.667883E-4
-4.928667E-1	-2.636047E-4
-4.927933E-1	-2.613111E-4
-4.926332E-1	-2.586600E-4
-4.925259E-1	-2.557296E-4
-4.924369E-1	-2.527549E-4
-4.923496E-1	-2.498723E-4
-4.922247E-1	-2.462016E-4
-4.920736E-1	-2.459302E-4
-4.919443E-1	-2.434915E-4
-4.918772E-1	-2.385426E-4
-4.917413E-1	-2.336921E-4
-4.916104E-1	-2.286009E-4
-4.915094E-1	-2.236573E-4
-4.914164E-1	-2.192209E-4
-4.912507E-1	-2.149243E-4
-4.911868E-1	-2.113141E-4
-4.910180E-1	-2.085919E-4
-4.909623E-1	-2.067756E-4
-4.907656E-1	-1.830742E-3
-4.906307E-1	-1.998668E-4
-4.904869E-1	-1.976844E-4
-4.903813E-1	-1.941701E-4
-4.902428E-1	-1.899389E-4
-4.901749E-1	-1.871201E-4
-4.900648E-1	-1.854372E-4
-4.899419E-1	-1.828388E-4
-4.897883E-1	-1.797107E-4
-4.896860E-1	-1.778728E-4
-4.895861E-1	-1.763018E-4
-4.894724E-1	-1.733534E-4
-4.893273E-1	-1.692664E-4
-4.892494E-1	-1.665053E-4
-4.891477E-1	-1.629728E-4
-4.890242E-1	-1.589067E-4
-4.888921E-1	-1.553410E-4
-4.887908E-1	-1.518730E-4
-4.887036E-1	-1.487008E-4
-4.885421E-1	-1.452327E-4
-4.884545E-1	-1.419182E-4
-4.883715E-1	-1.386714E-4
-4.882159E-1	-1.351479E-4
-4.881297E-1	-1.319046E-4
-4.880121E-1	-1.290031E-4
-4.878993E-1	-1.256681E-4
-4.877957E-1	-1.228984E-4
-4.876448E-1	-1.199750E-4
-4.875615E-1	-1.167313E-4
-4.874212E-1	-1.140722E-4
-4.873146E-1	-1.124393E-4
-4.871983E-1	-1.133192E-4
-4.871027E-1	-1.097974E-4
-4.870247E-1	-1.059895E-4
-4.868946E-1	-1.020391E-4
-4.867567E-1	-9.884261E-5
-4.866759E-1	-9.485015E-5
-4.865434E-1	-9.042549E-5
-4.864262E-1	-8.706341E-5
-4.863068E-1	-8.470165E-5
-4.862447E-1	-8.360347E-5
-4.861016E-1	-8.087370E-5
-4.859936E-1	-7.797005E-5
-4.858516E-1	-7.644316E-5
-4.857664E-1	-7.427150E-5
-4.856348E-1	-7.174254E-5
-4.855292E-1	-6.906817E-5
-4.854447E-1	-6.702953E-5
-4.853425E-1	-6.506678E-5
-4.852098E-1	-6.402346E-5
-4.850635E-1	-6.336981E-5
-4.849395E-1	-6.118715E-5
-4.848346E-1	-5.959138E-5
-4.847242E-1	-5.718914E-5
-4.846521E-1	-5.641993E-5
-4.844922E-1	-5.421032E-5
-4.843985E-1	-5.151906E-5
-4.843067E-1	-4.885087E-5
-4.841530E-1	-4.537875E-5
-4.840660E-1	-4.198555E-5
-4.839396E-1	-3.880921E-5
-4.838417E-1	-3.620569E-5
-4.837310E-1	-3.334564E-5
-4.835781E-1	-3.164650E-5
-4.834721E-1	-3.009540E-5
-4.833575E-1	-2.769343E-5
-4.832501E-1	-2.517746E-5
-4.831509E-1	-2.198796E-5
-4.830445E-1	-1.778062E-5
-4.829437E-1	-1.396485E-5
-4.828016E-1	-1.048735E-5
-4.826902E-1	-8.725610E-6
-4.825766E-1	-6.902090E-6
-4.824712E-1	-4.570261E-6
-4.823450E-1	-2.961044E-6
-4.822229E-1	-2.239234E-7
-4.821086E-1	3.204872E-6
-4.819985E-1	6.417374E-6
-4.818780E-1	9.734341E-6
-4.818060E-1	1.286403E-5
-4.816606E-1	1.575937E-5
-4.815794E-1	1.790040E-5
-4.814541E-1	1.943550E-5
-4.813049E-1	2.087897E-5
-4.812201E-1	2.311873E-5
-4.811079E-1	2.619642E-5
-4.810182E-1	2.972948E-5
-4.808819E-1	3.362603E-5
-4.807490E-1	3.669890E-5
-4.806308E-1	3.877225E-5
-4.805416E-1	3.978288E-5
-4.803885E-1	4.182240E-5
-4.803259E-1	4.377594E-5
-4.802217E-1	4.596063E-5
-4.801028E-1	4.917752E-5
-4.799796E-1	5.265274E-5
-4.798793E-1	5.650260E-5
-4.797396E-1	6.022013E-5
-4.796485E-1	6.339895E-5
-4.795191E-1	6.415358E-5
-4.793945E-1	6.384762E-5
-4.792699E-1	6.574698E-5
-4.791984E-1	6.764342E-5
-4.790722E-1	7.099409E-5
-4.789551E-1	7.384303E-5
-4.788260E-1	7.705206E-5
-4.787121E-1	8.098217E-5
-4.786294E-1	8.511672E-5
-4.785026E-1	8.463230E-5
-4.783727E-1	8.701401E-5
-4.782980E-1	9.155545E-5
-4.781563E-1	9.605684E-5
-4.780326E-1	1.003796E-4
-4.779275E-1	1.037878E-4
-4.778343E-1	1.071838E-4
-4.776905E-1	1.098976E-4
-4.775993E-1	1.130795E-4
-4.774800E-1	1.161608E-4
-4.773658E-1	1.194253E-4
-4.772894E-1	1.226894E-4
-4.771882E-1	1.255081E-4
-4.770260E-1	1.290026E-4
-4.769082E-1	1.321274E-4
-4.768042E-1	1.351860E-4
-4.767055E-1	1.382783E-4
-4.765884E-1	1.410578E-4
-4.764939E-1	1.433917E-4
-4.763707E-1	1.461732E-4
-4.762359E-1	1.489736E-4
-4.761145E-1	1.519796E-4
-4.760207E-1	1.553086E-4
-4.759327E-1	1.587440E-4
-4.758214E-1	1.612880E-4
-4.756877E-1	1.640215E-4
-4.756031E-1	1.666093E-4
-4.754776E-1	1.687032E-4
-4.753837E-1	1.703625E-4
-4.752370E-1	1.724360E-4
-4.751472E-1	1.749249E-4
-4.750067E-1	1.775918E-4
-4.749303E-1	1.807441E-4
-4.747802E-1	1.835380E-4
-4.746652E-1	1.857310E-4
-4.745512E-1	1.884548E-4
-4.744466E-1	1.914077E-4
-4.743316E-1	1.941301E-4
-4.742332E-1	1.971823E-4
-4.740970E-1	1.993803E-4
-4.740021E-1	2.018336E-4
-4.738600E-1	2.033353E-4
-4.736992E-1	2.115197E-4
-4.735819E-1	2.147550E-4
-4.734259E-1	2.143988E-4
-4.733139E-1	2.178755E-4
-4.732197E-1	2.200512E-4
-4.731234E-1	2.222323E-4
-4.730098E-1	2.253748E-4
-4.728861E-1	2.288607E-4
-4.727640E-1	2.332660E-4
-4.726147E-1	2.373336E-4
-4.725029E-1	2.404107E-4
-4.724155E-1	2.432877E-4
-4.723197E-1	2.455876E-4
-4.721951E-1	2.486331E-4
-4.720692E-1	2.519673E-4
-4.719653E-1	2.547088E-4
-4.718358E-1	2.576471E-4
-4.717315E-1	2.602346E-4
-4.716071E-1	2.625914E-4
-4.715112E-1	2.651774E-4
-4.713537E-1	2.671411E-4
-4.712834E-1	2.696699E-4
-4.711771E-1	2.726725E-4
-4.710427E-1	2.760937E-4
-4.709289E-1	2.786822E-4
-4.708067E-1	2.813511E-4
-4.706624E-1	2.843841E-4
-4.705553E-1	2.860913E-4
-4.704885E-1	2.880297E-4
-4.703325E-1	2.895661E-4
-4.702399E-1	2.921422E-4
-4.701324E-1	2.955801E-4
-4.699908E-1	2.998985E-4
-4.699096E-1	3.038601E-4
-4.697786E-1	3.079934E-4
-4.696544E-1	3.120657E-4
-4.695137E-1	3.150737E-4
-4.694038E-1	3.181331E-4
-4.692816E-1	3.206648E-4
-4.691730E-1	3.224690E-4
-4.690594E-1	3.247266E-4
-4.689304E-1	3.229084E-4
-4.688661E-1	3.248386E-4
-4.687075E-1	3.278660E-4
-4.686455E-1	3.313108E-4
-4.684968E-1	3.343043E-4
-4.683760E-1	3.365154E-4
-4.682559E-1	3.398701E-4
-4.681522E-1	3.436310E-4
-4.680624E-1	3.465865E-4
-4.679239E-1	3.484559E-4
-4.677921E-1	3.494618E-4
-4.676910E-1	3.513473E-4
-4.675693E-1	3.539031E-4
-4.674888E-1	3.556046E-4
-4.673729E-1	3.571651E-4
-4.672321E-1	3.592479E-4
-4.671521E-1	3.615959E-4
-4.670037E-1	3.641741E-4
-4.668966E-1	3.666633E-4
-4.667909E-1	3.701574E-4
-4.666666E-1	3.733480E-4
-4.665707E-1	3.756797E-4
-4.664463E-1	3.776037E-4
-4.663434E-1	3.790608E-4
-4.662148E-1	3.808597E-4
-4.661562E-1	3.831156E-4
-4.660073E-1	3.857565E-4
-4.659294E-1	3.887191E-4
-4.657925E-1	3.918468E-4
-4.656739E-1	3.941307E-4
-4.655616E-1	3.949663E-4
-4.654429E-1	3.976974E-4
-4.653596E-1	4.006199E-4
-4.652520E-1	4.034301E-4
-4.651137E-1	4.063874E-4
-4.650044E-1	4.096245E-4
-4.649258E-1	4.122615E-4
-4.648026E-1	4.159249E-4
-4.646521E-1	4.202301E-4
-4.645497E-1	4.239571E-4
-4.644588E-1	4.274886E-4
-4.643378E-1	4.321265E-4
-4.642145E-1	4.363517E-4
-4.641105E-1	4.402500E-4
-4.639925E-1	4.432127E-4
-4.638506E-1	4.450448E-4
-4.637488E-1	4.479811E-4
-4.636572E-1	4.511183E-4
-4.635369E-1	4.543053E-4
-4.633926E-1	4.581215E-4
-4.632817E-1	4.615431E-4
-4.631565E-1	4.651806E-4
-4.630572E-1	4.692000E-4
-4.629363E-1	4.728854E-4
-4.628175E-1	4.762659E-4
-4.626950E-1	4.793248E-4
-4.625765E-1	4.825211E-4
-4.624694E-1	4.850931E-4
-4.623666E-1	4.872724E-4
-4.622434E-1	4.889498E-4
-4.621303E-1	4.911113E-4
-4.620558E-1	4.937454E-4
-4.618940E-1	4.968122E-4
-4.617999E-1	5.007625E-4
-4.616574E-1	5.048856E-4
-4.615568E-1	5.091400E-4
-4.614208E-1	5.137553E-4
-4.613373E-1	5.165084E-4
-4.613879E-1	5.166094E-4
-4.614857E-1	5.112792E-4
-4.616098E-1	5.084724E-4
-4.616792E-1	5.058422E-4
-4.617926E-1	5.040041E-4
-4.618821E-1	5.033679E-4
-4.619532E-1	5.019621E-4
-4.620813E-1	4.998019E-4
-4.621637E-1	4.975209E-4
-4.622187E-1	4.943588E-4
-4.623180E-1	4.900490E-4
-4.624316E-1	4.873592E-4
-4.625022E-1	4.861082E-4
-4.626189E-1	4.831848E-4
-4.627153E-1	4.809811E-4
-4.627684E-1	4.796069E-4
-4.628976E-1	4.780611E-4
-4.629544E-1	4.739587E-4
-4.630470E-1	4.704944E-4
-4.631128E-1	4.679555E-4
-4.632147E-1	4.656273E-4
-4.633019E-1	4.646682E-4
-4.634124E-1	4.627683E-4
-4.634962E-1	4.608716E-4
-4.636195E-1	4.596766E-4
-4.637048E-1	4.593620E-4
-4.637941E-1	4.593355E-4
-4.638867E-1	4.589345E-4
-4.639565E-1	4.580382E-4
-4.640733E-1	4.563096E-4
-4.641362E-1	4.537970E-4
-4.642654E-1	4.511118E-4
-4.643083E-1	4.485546E-4
-4.644165E-1	4.459406E-4
-4.644986E-1	4.439584E-4
-4.645848E-1	4.417114E-4
-4.646703E-1	4.402049E-4
-4.647689E-1	4.389635E-4
-4.648951E-1	4.378672E-4
-4.649576E-1	4.364752E-4
-4.650767E-1	4.341745E-4
-4.651596E-1	4.320863E-4
-4.652310E-1	4.296777E-4
-4.653232E-1	4.280005E-4
-4.654041E-1	4.264235E-4
-4.654691E-1	4.245751E-4
-4.655703E-1	4.224249E-4
-4.656983E-1	4.203739E-4
-4.657534E-1	4.184588E-4
-4.658757E-1	4.164709E-4
-4.659290E-1	4.143797E-4
-4.660526E-1	4.114086E-4
-4.661353E-1	4.087260E-4
-4.662259E-1	4.057093E-4
-4.663067E-1	4.032072E-4
-4.663714E-1	4.005201E-4
-4.664474E-1	3.974413E-4
-4.665397E-1	3.948523E-4
-4.666501E-1	3.930349E-4
-4.667379E-1	3.921292E-4
-4.668052E-1	3.913727E-4
-4.668845E-1	3.902632E-4
-4.669830E-1	3.892920E-4
-4.670864E-1	3.881601E-4
-4.671934E-1	3.867174E-4
-4.672525E-1	3.850635E-4
-4.673550E-1	3.826943E-4
-4.674818E-1	3.758739E-4
-4.675285E-1	3.729094E-4
-4.676315E-1	3.715392E-4
-4.677356E-1	3.681323E-4
-4.678343E-1	3.649408E-4
-4.678711E-1	3.615025E-4
-4.680007E-1	3.606175E-4
-4.680743E-1	3.602762E-4
-4.681647E-1	3.611455E-4
-4.682603E-1	3.621901E-4
-4.683555E-1	3.628051E-4
-4.684316E-1	3.622271E-4
-4.685188E-1	3.604772E-4
-4.686101E-1	3.574229E-4
-4.687167E-1	3.548133E-4
-4.688308E-1	3.529143E-4
-4.689036E-1	3.511875E-4
-4.689932E-1	3.498958E-4
-4.690930E-1	3.482296E-4
-4.691908E-1	3.442875E-4
-4.692996E-1	3.395883E-4
-4.693873E-1	3.372409E-4
-4.694518E-1	3.360084E-4
-4.695186E-1	3.353374E-4
-4.696438E-1	3.353418E-4
-4.697306E-1	3.343527E-4
-4.698048E-1	3.326906E-4
-4.699034E-1	3.315112E-4
-4.699618E-1	3.293488E-4
-4.700770E-1	3.270101E-4
-4.701819E-1	3.250877E-4
-4.702769E-1	3.228362E-4
-4.703655E-1	3.208023E-4
-4.704573E-1	3.192242E-4
-4.705241E-1	3.177907E-4
-4.706014E-1	3.169722E-4
-4.707339E-1	3.151419E-4
-4.707990E-1	3.113986E-4
-4.708923E-1	3.088157E-4
-4.709796E-1	3.073889E-4
-4.710876E-1	3.057661E-4
-4.711813E-1	3.036593E-4
-4.712345E-1	3.014314E-4
-4.713703E-1	2.997882E-4
-4.714353E-1	2.977541E-4
-4.715486E-1	2.962484E-4
-4.716078E-1	2.942605E-4
-4.717358E-1	2.927473E-4
-4.717885E-1	2.913977E-4
-4.718954E-1	2.899916E-4
-4.720156E-1	2.877200E-4
-4.720928E-1	2.860548E-4
-4.722078E-1	2.846881E-4
-4.722873E-1	2.825334E-4
-4.723546E-1	2.799540E-4
-4.724657E-1	2.769462E-4
-4.725482E-1	2.748305E-4
-4.726377E-1	2.731615E-4
-4.727055E-1	2.715968E-4
-4.728073E-1	2.698579E-4
-4.728796E-1	2.674528E-4
-4.730081E-1	2.634145E-4
-4.730784E-1	2.597610E-4
-4.731471E-1	2.577147E-4
-4.732375E-1	2.556477E-4
-4.733375E-1	2.540478E-4
-4.734094E-1	2.528553E-4
-4.735071E-1	2.520699E-4
-4.736300E-1	2.514219E-4
-4.736979E-1	2.504661E-4
-4.738013E-1	2.495541E-4
-4.739189E-1	2.487181E-4
-4.739782E-1	2.452609E-4
-4.740592E-1	2.410971E-4
-4.741472E-1	2.383270E-4
-4.742984E-1	2.355149E-4
-4.743806E-1	2.329020E-4
-4.744299E-1	2.305141E-4
-4.745349E-1	2.240525E-4
-4.746102E-1	2.233706E-4
-4.747347E-1	2.230994E-4
-4.748300E-1	2.212793E-4
-4.748918E-1	2.197005E-4
-4.750085E-1	2.179709E-4
-4.751079E-1	2.166002E-4
-4.751505E-1	2.141101E-4
-4.752592E-1	2.128447E-4
-4.753784E-1	2.114197E-4
-4.754643E-1	2.104252E-4
-4.755207E-1	2.099178E-4
-4.756035E-1	2.097497E-4
-4.757077E-1	2.081854E-4
-4.757830E-1	2.060957E-4
-4.759265E-1	2.045614E-4
-4.760096E-1	3.027275E-4
-4.761721E-1	2.017171E-4
-4.762576E-1	1.945053E-4
-4.763384E-1	1.895411E-4
-4.764161E-1	1.868081E-4
-4.765143E-1	1.848952E-4
-4.766086E-1	1.843145E-4
-4.767007E-1	1.834311E-4
-4.767702E-1	1.821284E-4
-4.768512E-1	1.803739E-4
-4.769761E-1	1.780093E-4
-4.770372E-1	1.751727E-4
-4.771244E-1	1.727268E-4
-4.772227E-1	1.712396E-4
-4.773095E-1	1.682766E-4
-4.774094E-1	1.651542E-4
-4.774900E-1	1.608030E-4
-4.775928E-1	1.574250E-4
-4.776884E-1	1.532922E-4
-4.777532E-1	1.500647E-4
-4.778472E-1	1.479985E-4
-4.779408E-1	1.463808E-4
-4.780366E-1	1.452064E-4
-4.781185E-1	1.442719E-4
-4.781927E-1	1.439242E-4
-4.782992E-1	1.430795E-4
-4.783806E-1	1.418837E-4
-4.784569E-1	1.407783E-4
-4.785800E-1	1.393321E-4
-4.786603E-1	1.372850E-4
-4.787633E-1	1.350769E-4
-4.788377E-1	1.329067E-4
-4.788990E-1	1.301777E-4
-4.790173E-1	1.281640E-4
-4.790832E-1	1.265271E-4
-4.791700E-1	1.248220E-4
-4.792627E-1	1.222834E-4
-4.793480E-1	1.202378E-4
-4.794569E-1	1.179963E-4
-4.795434E-1	1.161015E-4
-4.796547E-1	1.145467E-4
-4.797101E-1	1.123416E-4
-4.798328E-1	1.099877E-4
-4.799301E-1	1.079430E-4
-4.800236E-1	1.055863E-4
-4.801080E-1	1.030444E-4
-4.801853E-1	9.963805E-5
-4.802805E-1	9.656880E-5
-4.803449E-1	9.351903E-5
-4.804642E-1	9.143293E-5
-4.805146E-1	8.973117E-5
-4.806003E-1	8.553773E-5
-4.807188E-1	8.279406E-5
-4.808176E-1	8.119001E-5
-4.808626E-1	7.939909E-5
-4.809607E-1	7.695951E-5
-4.810848E-1	7.465376E-5
-4.811465E-1	7.266520E-5
-4.812594E-1	7.127834E-5
-4.813152E-1	6.991895E-5
-4.814139E-1	6.900248E-5
-4.815338E-1	6.649825E-5
-4.816047E-1	6.427871E-5
-4.816844E-1	6.357462E-5
-4.817768E-1	6.348258E-5
-4.818872E-1	6.335930E-5
-4.819528E-1	6.260690E-5
-4.820477E-1	6.050677E-5
-4.821736E-1	5.537028E-5
-4.822538E-1	5.126837E-5
-4.823364E-1	4.844478E-5
-4.824132E-1	4.539152E-5
-4.825295E-1	4.387110E-5
-4.826155E-1	4.190653E-5
-4.827184E-1	4.214859E-5
-4.827871E-1	4.276377E-5
-4.828672E-1	4.034455E-5
-4.829770E-1	3.602276E-5
-4.830568E-1	3.305122E-5
-4.831134E-1	3.163475E-5
-4.832365E-1	3.031474E-5
-4.833203E-1	2.923807E-5
-4.834312E-1	2.726001E-5
-4.835144E-1	2.567571E-5
-4.835890E-1	2.487239E-5
-4.836877E-1	2.460211E-5
-4.837489E-1	2.405971E-5
-4.838871E-1	2.302228E-5
-4.839703E-1	2.196297E-5
-4.840242E-1	2.057507E-5
-4.841383E-1	1.887294E-5
-4.841990E-1	1.461134E-5
-4.843074E-1	1.044249E-5
-4.844260E-1	7.716531E-6
-4.845206E-1	6.186348E-6
-4.845696E-1	4.761523E-6
-4.846640E-1	3.634066E-6
-4.847403E-1	2.213857E-6
-4.848760E-1	5.029879E-7
-4.849277E-1	-1.701506E-6
-4.850223E-1	-4.493647E-6
-4.851565E-1	-7.039676E-6
-4.852398E-1	-1.019285E-5
-4.853169E-1	-1.201622E-5
-4.853838E-1	-1.338210E-5
-4.854935E-1	-1.454283E-5
-4.855813E-1	-1.536827E-5
-4.856376E-1	-1.614282E-5
-4.857473E-1	-1.733591E-5
-4.858724E-1	-1.918859E-5
-4.859292E-1	-2.238821E-5
-4.860175E-1	-2.548132E-5
-4.861198E-1	-2.822658E-5
-4.861890E-1	-3.069801E-5
-4.862868E-1	-3.294339E-5
-4.863816E-1	-3.383626E-5
-4.864366E-1	-3.617109E-5
-4.865545E-1	-3.765033E-5
-4.866132E-1	-4.174238E-5
-4.866999E-1	-4.977550E-5
-4.867928E-1	-5.217194E-5
-4.868660E-1	-5.499544E-5
-4.869805E-1	-5.632962E-5
-4.870423E-1	-6.182197E-5
-4.871719E-1	-6.320398E-5
-4.872678E-1	-6.465804E-5
-4.873073E-1	-6.515875E-5
-4.874069E-1	-6.548679E-5
-4.875339E-1	-6.793804E-5
-4.876082E-1	-6.916548E-5
-4.876525E-1	-7.122143E-5
-4.878005E-1	-7.381097E-5
-4.878497E-1	-7.509736E-5
-4.879477E-1	-7.677287E-5
-4.880183E-1	-7.834902E-5
-4.881730E-1	-7.990843E-5
-4.882207E-1	-8.260519E-5
-4.882857E-1	-8.493693E-5
-4.884242E-1	-8.801992E-5
-4.884755E-1	-9.024198E-5
-4.886246E-1	-9.223966E-5
-4.886610E-1	-9.647877E-5
-4.887744E-1	-9.933817E-5
-4.888488E-1	-1.014283E-4
-4.889535E-1	-1.039050E-4
-4.890561E-1	-1.033747E-4
-4.891049E-1	-1.113602E-4
-4.892176E-1	-1.151152E-4
-4.893015E-1	-1.170296E-4
-4.893819E-1	-1.202406E-4
-4.895004E-1	-1.235670E-4
-4.895953E-1	-1.262332E-4
-4.896443E-1	-1.296898E-4
-4.897589E-1	-1.323264E-4
-4.898510E-1	-1.347712E-4
-4.899215E-1	-1.380021E-4
-4.900170E-1	-1.401561E-4
-4.900885E-1	-1.411097E-4
-4.901742E-1	-1.431058E-4
-4.902632E-1	-1.447012E-4
-4.904000E-1	-1.455686E-4
-4.904742E-1	-1.467271E-4
-4.905559E-1	-1.487440E-4
-4.906614E-1	-1.509706E-4
-4.907188E-1	-1.525635E-4
-4.908004E-1	-1.536531E-4
-4.908945E-1	-1.546760E-4
-4.909944E-1	-1.553800E-4
-4.910754E-1	-1.561399E-4
-4.911715E-1	-1.630968E-4
-4.912519E-1	-1.647067E-4
-4.913708E-1	-1.654436E-4
-4.914637E-1	-1.670968E-4
-4.915442E-1	-1.695323E-4
-4.916410E-1	-1.718517E-4
-4.917512E-1	-1.737105E-4
-4.918065E-1	-1.751584E-4
-4.919246E-1	-1.773950E-4
-4.919654E-1	-1.790872E-4
-4.920737E-1	-1.812196E-4
-4.921597E-1	-1.829996E-4
-4.922797E-1	-1.846329E-4
-4.923376E-1	-1.867454E-4
-4.924541E-1	-1.890368E-4
-4.925150E-1	-1.911973E-4
-4.926209E-1	-1.929724E-4
-4.926861E-1	-1.945533E-4
-4.928114E-1	-1.958547E-4
-4.928907E-1	-1.968720E-4
-4.930018E-1	-1.977582E-4
-4.930576E-1	-1.988563E-4
-4.931769E-1	-2.019105E-4
-4.932747E-1	-2.038203E-4
-4.933476E-1	-2.054312E-4
-4.934366E-1	-2.072063E-4
-4.935322E-1	-2.090074E-4
-4.935855E-1	-2.117479E-4
-4.937109E-1	-2.139660E-4
-4.938058E-1	-2.151100E-4
-4.938664E-1	-2.161951E-4
-4.939407E-1	-2.171951E-4
-4.940774E-1	-2.184228E-4
-4.941838E-1	-2.217552E-4
-4.942623E-1	-2.255392E-4
-4.943658E-1	-2.292428E-4
-4.944074E-1	-2.321126E-4
-4.945186E-1	-2.339727E-4
-4.946131E-1	-2.360490E-4
-4.946778E-1	-2.389478E-4
-4.947618E-1	-2.403883E-4
-4.948577E-1	-2.410678E-4
-4.949453E-1	-2.421578E-4
-4.950733E-1	-2.434963E-4
-4.951725E-1	-2.454364E-4
-4.952727E-1	-2.475957E-4
-4.953576E-1	-2.502824E-4
-4.953897E-1	-2.531619E-4
-4.954885E-1	-2.556838E-4
-4.955799E-1	-2.583053E-4
-4.957145E-1	-2.601835E-4
-4.957820E-1	-2.629349E-4
-4.958349E-1	-2.656357E-4
-4.959578E-1	-2.736873E-4
-4.960612E-1	-2.753374E-4
-4.961477E-1	-2.766801E-4
-4.962077E-1	-2.775797E-4
-4.963201E-1	-2.783881E-4
-4.964035E-1	-2.796624E-4
-4.964865E-1	-2.813016E-4
-4.965725E-1	-2.831770E-4
-4.966484E-1	-2.845594E-4
-4.967339E-1	-2.849107E-4
-4.968217E-1	-2.863348E-4
-4.969196E-1	-2.889922E-4
-4.970121E-1	-2.913976E-4
-4.970823E-1	-2.943354E-4
-4.971974E-1	-2.974653E-4
-4.973147E-1	-3.007077E-4
-4.973931E-1	-3.044692E-4
-4.974791E-1	-3.077799E-4
-4.975324E-1	-3.101206E-4
-4.976647E-1	-3.117886E-4
-4.977345E-1	-3.131263E-4
-4.978454E-1	-3.148759E-4
-4.978891E-1	-3.166801E-4
-4.979723E-1	-3.185682E-4
-4.980744E-1	-3.209031E-4
-4.981677E-1	-3.234634E-4
-4.982946E-1	-3.256355E-4
-4.983547E-1	-3.270710E-4
-4.984588E-1	-3.283670E-4
-4.985442E-1	-3.304963E-4
-4.986089E-1	-3.327633E-4
-4.987354E-1	-3.351927E-4
-4.988062E-1	-3.375818E-4
-4.989173E-1	-3.399296E-4
-4.989823E-1	-3.419133E-4
-4.991026E-1	-3.440169E-4
-4.991975E-1	-3.500560E-4
-4.992703E-1	-3.513878E-4
-4.993746E-1	-3.526295E-4
-4.994487E-1	-3.542645E-4
-4.995089E-1	-3.555898E-4
-4.996476E-1	-3.565632E-4
-4.997147E-1	-3.578126E-4
-4.998167E-1	-3.588377E-4
-4.998985E-1	-3.604846E-4
-4.999538E-1	-3.646019E-4
-5.000458E-1	-3.684641E-4
-5.001613E-1	-3.710563E-4
-5.002647E-1	-3.732682E-4
-5.003273E-1	-3.755707E-4
-5.004488E-1	-3.781668E-4
-5.004967E-1	-3.806231E-4
-5.005811E-1	-3.833878E-4
-5.006678E-1	-3.865241E-4
-5.007888E-1	-3.892800E-4
-5.008336E-1	-3.907113E-4
-5.009311E-1	-3.914238E-4
-5.010054E-1	-3.914800E-4
-5.011440E-1	-3.915155E-4
-5.012451E-1	-3.918023E-4
-5.012994E-1	-3.920561E-4
-5.014257E-1	-3.925742E-4
-5.015190E-1	-3.937722E-4
-5.015649E-1	-3.951748E-4
-5.016786E-1	-3.981723E-4
-5.017805E-1	-4.016237E-4
-5.018320E-1	-4.052243E-4
-5.019222E-1	-4.088121E-4
-5.019934E-1	-4.116410E-4
-5.021376E-1	-4.136049E-4
-5.021930E-1	-4.149076E-4
-5.022766E-1	-4.168055E-4
-5.023871E-1	-4.184306E-4
-5.024873E-1	-4.198416E-4
-5.025449E-1	-4.212320E-4
-5.026588E-1	-4.277325E-4
-5.027675E-1	-4.287270E-4
-5.028265E-1	-4.298310E-4
-5.029569E-1	-4.310455E-4
-5.030021E-1	-4.334830E-4
-5.031327E-1	-4.369229E-4
-5.031880E-1	-4.404614E-4
-5.032813E-1	-4.431772E-4
-5.033786E-1	-4.466842E-4
-5.034497E-1	-4.503063E-4
-5.035738E-1	-4.530610E-4
-5.036338E-1	-4.557970E-4
-5.037151E-1	-4.580198E-4
-5.038496E-1	-4.609824E-4
-5.039445E-1	-4.632050E-4
-5.040215E-1	-4.650634E-4
-5.041052E-1	-4.669404E-4
-5.041929E-1	-4.685875E-4
-5.042925E-1	-4.697509E-4
-5.043443E-1	-4.710423E-4
-5.044410E-1	-4.724071E-4
-5.045423E-1	-4.733883E-4
-5.046250E-1	-4.756513E-4
-5.047279E-1	-4.770723E-4
-5.048209E-1	-4.810793E-4
-5.048909E-1	-4.846836E-4
-5.050131E-1	-4.870338E-4
