-5.014039E-1	-2.798888E-4
-5.013288E-1	-2.786027E-4
-5.011855E-1	-2.778547E-4
-5.010595E-1	-2.768093E-4
-5.009634E-1	-2.765152E-4
-5.008122E-1	-2.765331E-4
-5.007004E-1	-2.750932E-4
-5.006010E-1	-2.760299E-4
-5.004998E-1	-2.752640E-4
-5.003674E-1	-2.738577E-4
-5.002395E-1	-2.721642E-4
-5.001363E-1	-2.701458E-4
-5.000355E-1	-2.685810E-4
-4.999315E-1	-2.684203E-4
-4.997712E-1	-2.675589E-4
-4.996793E-1	-2.657846E-4
-4.995627E-1	-2.637289E-4
-4.994384E-1	-2.614011E-4
-4.993410E-1	-2.592901E-4
-4.991942E-1	-2.569599E-4
-4.991099E-1	-2.554167E-4
-4.989716E-1	-2.539154E-4
-4.988640E-1	-2.517399E-4
-4.987692E-1	-2.519580E-4
-4.986726E-1	-2.502877E-4
-4.985146E-1	-2.485404E-4
-4.984278E-1	-2.468107E-4
-4.983234E-1	-2.447664E-4
-4.982216E-1	-2.428697E-4
-4.980831E-1	-2.413224E-4
-4.979297E-1	-2.399275E-4
-4.978290E-1	-2.387322E-4
-4.977392E-1	-2.375464E-4
-4.976135E-1	-2.364004E-4
-4.975238E-1	-2.349647E-4
-4.973779E-1	-2.328281E-4
-4.972655E-1	-2.307289E-4
-4.971974E-1	-2.285263E-4
-4.970826E-1	-2.260052E-4
-4.969414E-1	-2.239816E-4
-4.968552E-1	-2.221857E-4
-4.967273E-1	-2.201438E-4
-4.966323E-1	-2.175726E-4
-4.964937E-1	-2.151808E-4
-4.963975E-1	-2.133810E-4
-4.962832E-1	-2.119899E-4
-4.961848E-1	-2.110025E-4
-4.960680E-1	-2.089783E-4
-4.959307E-1	-2.066071E-4
-4.958394E-1	-2.048040E-4
-4.956911E-1	-2.025951E-4
-4.955929E-1	-2.003296E-4
-4.954555E-1	-1.985307E-4
-4.953660E-1	-1.976324E-4
-4.952373E-1	-1.972889E-4
-4.951400E-1	-1.959676E-4
-4.950002E-1	-1.941905E-4
-4.949277E-1	-1.923942E-4
-4.947746E-1	-1.893095E-4
-4.946875E-1	-1.874638E-4
-4.945482E-1	-1.853534E-4
-4.944502E-1	-1.828028E-4
-4.943297E-1	-1.805511E-4
-4.942305E-1	-1.786633E-4
-4.940849E-1	-1.771065E-4
-4.939909E-1	-1.762022E-4
-4.938955E-1	-1.760468E-4
-4.937721E-1	-1.752433E-4
-4.936272E-1	-1.742336E-4
-4.935345E-1	-1.731489E-4
-4.934060E-1	-1.721725E-4
-4.933167E-1	-1.707403E-4
-4.931848E-1	-1.687814E-4
-4.930764E-1	-1.660468E-4
-4.929563E-1	-1.633910E-4
-4.928179E-1	-1.603669E-4
-4.927481E-1	-1.559870E-4
-4.926392E-1	-1.544065E-4
-4.924991E-1	-1.521747E-4
-4.924039E-1	-1.507533E-4
-4.922875E-1	-1.495377E-4
-4.921454E-1	-1.476166E-4
-4.920673E-1	-1.462447E-4
-4.919566E-1	-1.445609E-4
-4.918283E-1	-1.435204E-4
-4.917166E-1	-1.421975E-4
-4.916023E-1	-1.402249E-4
-4.914815E-1	-1.380990E-4
-4.913697E-1	-1.361493E-4
-4.912509E-1	-1.344936E-4
-4.911416E-1	-1.325431E-4
-4.910365E-1	-1.314016E-4
-4.909294E-1	-1.304835E-4
-4.907781E-1	-1.280278E-4
-4.906621E-1	-1.254247E-4
-4.905397E-1	-1.225653E-4
-4.904339E-1	-1.201211E-4
-4.903656E-1	-1.179409E-4
-4.902448E-1	-1.154959E-4
-4.901100E-1	-1.193366E-4
-4.899666E-1	-1.172351E-4
-4.898595E-1	-1.144112E-4
-4.897861E-1	-1.111657E-4
-4.896779E-1	-1.082832E-4
-4.895190E-1	-1.054818E-4
-4.894419E-1	-1.034439E-4
-4.893215E-1	-1.015098E-4
-4.891957E-1	-9.927861E-5
-4.890768E-1	-9.675286E-5
-4.889484E-1	-9.439609E-5
-4.888586E-1	-9.226720E-5
-4.887312E-1	-9.015894E-5
-4.885967E-1	-8.834716E-5
-4.884755E-1	-8.628475E-5
-4.884050E-1	-8.426329E-5
-4.882487E-1	-8.243366E-5
-4.881527E-1	-8.021538E-5
-4.880311E-1	-7.862982E-5
-4.879485E-1	-7.685886E-5
-4.878104E-1	-7.560152E-5
-4.877328E-1	-7.428909E-5
-4.876179E-1	-7.240537E-5
-4.875031E-1	-7.021693E-5
-4.873619E-1	-6.802785E-5
-4.872850E-1	-6.606840E-5
-4.871700E-1	-6.428449E-5
-4.870295E-1	-6.216840E-5
-4.869289E-1	-6.052073E-5
-4.868336E-1	-5.885073E-5
-4.867054E-1	-5.751083E-5
-4.865706E-1	-5.602122E-5
-4.864968E-1	-5.451030E-5
-4.863645E-1	-5.288601E-5
-4.862562E-1	-5.187030E-5
-4.861415E-1	-5.051671E-5
-4.860527E-1	-4.961629E-5
-4.859512E-1	-4.749857E-5
-4.858179E-1	-4.689470E-5
-4.857294E-1	-4.505405E-5
-4.855633E-1	-4.250702E-5
-4.854557E-1	-4.006823E-5
-4.853767E-1	-3.775951E-5
-4.852752E-1	-3.523994E-5
-4.851465E-1	-3.309004E-5
-4.850356E-1	-3.089086E-5
-4.849123E-1	-2.959740E-5
-4.847804E-1	-2.781746E-5
-4.846673E-1	-2.591426E-5
-4.845518E-1	-2.424314E-5
-4.844781E-1	-2.261377E-5
-4.843550E-1	-2.108311E-5
-4.842471E-1	-1.903314E-5
-4.841343E-1	-1.733321E-5
-4.840246E-1	-1.480213E-5
-4.838816E-1	-1.487067E-5
-4.837006E-1	-1.212162E-4
-4.836068E-1	-1.039180E-5
-4.835339E-1	-9.440086E-6
-4.834165E-1	-6.850186E-6
-4.833160E-1	-4.997719E-6
-4.831874E-1	-3.837832E-6
-4.830934E-1	-2.324082E-6
-4.829767E-1	-5.533964E-7
-4.828853E-1	7.644338E-7
-4.827645E-1	2.722308E-6
-4.826464E-1	4.921664E-6
-4.825466E-1	7.563719E-6
-4.824316E-1	1.039211E-5
-4.823110E-1	8.579033E-6
-4.822483E-1	9.921955E-6
-4.821330E-1	1.236552E-5
-4.820342E-1	1.491522E-5
-4.819024E-1	1.700294E-5
-4.818142E-1	1.879829E-5
-4.817246E-1	1.978644E-5
-4.816157E-1	2.084016E-5
-4.814695E-1	2.224407E-5
-4.813670E-1	1.807235E-5
-4.811626E-1	2.890121E-5
-4.810761E-1	2.894561E-5
-4.809389E-1	2.855010E-5
-4.808123E-1	3.023113E-5
-4.807042E-1	3.248577E-5
-4.805789E-1	3.467312E-5
-4.805113E-1	3.675876E-5
-4.803867E-1	3.885427E-5
-4.802762E-1	4.040157E-5
-4.801612E-1	3.983075E-5
-4.800033E-1	4.066517E-5
-4.799011E-1	4.258186E-5
-4.797821E-1	4.520505E-5
-4.796869E-1	4.827634E-5
-4.796036E-1	5.102985E-5
-4.794525E-1	5.396413E-5
-4.793733E-1	5.542979E-5
-4.792468E-1	5.742131E-5
-4.791412E-1	5.908112E-5
-4.790179E-1	6.006787E-5
-4.788814E-1	6.160818E-5
-4.787905E-1	6.312975E-5
-4.786686E-1	6.460278E-5
-4.785320E-1	6.664325E-5
-4.784370E-1	6.833765E-5
-4.783239E-1	6.979280E-5
-4.781956E-1	7.124067E-5
-4.780681E-1	7.262304E-5
-4.779877E-1	7.427024E-5
-4.778810E-1	7.622710E-5
-4.777642E-1	7.838443E-5
-4.776341E-1	8.039026E-5
-4.775186E-1	8.212364E-5
-4.773857E-1	8.420030E-5
-4.772826E-1	8.648513E-5
-4.771654E-1	8.875245E-5
-4.770638E-1	9.093941E-5
-4.769484E-1	9.237594E-5
-4.768429E-1	9.378190E-5
-4.767584E-1	9.579612E-5
-4.766078E-1	9.658147E-5
-4.765181E-1	9.810128E-5
-4.763761E-1	9.963261E-5
-4.762764E-1	1.009998E-4
-4.761921E-1	1.031537E-4
-4.760734E-1	1.057940E-4
-4.759337E-1	1.085039E-4
-4.758304E-1	1.112211E-4
-4.756856E-1	1.134821E-4
-4.755616E-1	1.163656E-4
-4.754996E-1	1.175988E-4
-4.753692E-1	1.193590E-4
-4.752666E-1	1.202099E-4
-4.751684E-1	1.213288E-4
-4.750496E-1	1.234680E-4
-4.749058E-1	1.258336E-4
-4.748073E-1	1.279216E-4
-4.746891E-1	1.296040E-4
-4.745494E-1	1.309747E-4
-4.744405E-1	1.327500E-4
-4.743579E-1	1.348296E-4
-4.742511E-1	1.367643E-4
-4.741360E-1	1.388376E-4
-4.740012E-1	1.407445E-4
-4.738992E-1	1.426650E-4
-4.737604E-1	1.447899E-4
-4.736375E-1	1.463964E-4
-4.735203E-1	1.475656E-4
-4.734120E-1	1.491274E-4
-4.732857E-1	1.508764E-4
-4.732251E-1	1.524548E-4
-4.730700E-1	1.541041E-4
-4.729530E-1	1.557235E-4
-4.728833E-1	1.577118E-4
-4.727646E-1	1.608050E-4
-4.726421E-1	1.628853E-4
-4.725018E-1	1.652284E-4
-4.724121E-1	1.678004E-4
-4.722856E-1	1.698051E-4
-4.721908E-1	1.716411E-4
-4.720534E-1	1.729147E-4
-4.719688E-1	1.738560E-4
-4.718494E-1	1.750231E-4
-4.717248E-1	1.771248E-4
-4.715917E-1	1.792026E-4
-4.715176E-1	1.811089E-4
-4.713774E-1	1.827925E-4
-4.712753E-1	1.843697E-4
-4.711242E-1	1.861155E-4
-4.710039E-1	1.880482E-4
-4.709389E-1	1.902378E-4
-4.707938E-1	1.924998E-4
-4.707025E-1	1.940455E-4
-4.705586E-1	1.959240E-4
-4.704563E-1	1.981913E-4
-4.703512E-1	2.007746E-4
-4.702162E-1	2.033727E-4
-4.701448E-1	2.054937E-4
-4.700178E-1	2.071512E-4
-4.698975E-1	2.088945E-4
-4.697774E-1	2.108202E-4
-4.696782E-1	2.123655E-4
-4.695603E-1	2.139429E-4
-4.694563E-1	2.157744E-4
-4.693377E-1	2.171779E-4
-4.692272E-1	2.189248E-4
-4.690821E-1	2.199335E-4
-4.689898E-1	2.219604E-4
-4.688461E-1	2.247875E-4
-4.687349E-1	2.275608E-4
-4.686412E-1	2.299805E-4
-4.685276E-1	2.320187E-4
-4.684180E-1	2.335577E-4
-4.682904E-1	2.350520E-4
-4.681853E-1	2.368450E-4
-4.680540E-1	2.380701E-4
-4.679691E-1	2.392867E-4
-4.678296E-1	2.409679E-4
-4.677022E-1	2.434054E-4
-4.675890E-1	2.459087E-4
-4.675146E-1	2.488014E-4
-4.674001E-1	2.470060E-4
-4.672656E-1	2.502896E-4
-4.671438E-1	2.530459E-4
-4.670228E-1	2.553232E-4
-4.669185E-1	2.576661E-4
-4.668556E-1	2.592430E-4
-4.667306E-1	2.599103E-4
-4.666179E-1	2.614539E-4
-4.664833E-1	2.633904E-4
-4.664142E-1	2.651406E-4
-4.663239E-1	2.671950E-4
-4.662013E-1	2.689131E-4
-4.660771E-1	2.707995E-4
-4.659874E-1	2.727078E-4
-4.658376E-1	2.743115E-4
-4.657370E-1	2.773488E-4
-4.656126E-1	2.804867E-4
-4.654891E-1	2.836086E-4
-4.654069E-1	2.856052E-4
-4.653198E-1	2.878233E-4
-4.652067E-1	2.894750E-4
-4.650677E-1	2.910658E-4
-4.650041E-1	2.929285E-4
-4.648357E-1	2.951745E-4
-4.647638E-1	2.972884E-4
-4.646309E-1	2.991796E-4
-4.645200E-1	3.010956E-4
-4.643940E-1	3.028212E-4
-4.642773E-1	3.044533E-4
-4.641831E-1	3.057091E-4
-4.640565E-1	3.072153E-4
-4.639446E-1	3.094375E-4
-4.638508E-1	3.118241E-4
-4.637261E-1	3.142553E-4
-4.635967E-1	3.160881E-4
-4.635006E-1	3.183771E-4
-4.633624E-1	3.202429E-4
-4.632773E-1	3.218429E-4
-4.631843E-1	3.234096E-4
-4.630447E-1	3.252818E-4
-4.629318E-1	3.275637E-4
-4.628056E-1	3.291946E-4
-4.626912E-1	3.295962E-4
-4.625991E-1	3.315940E-4
-4.624925E-1	3.345291E-4
-4.623731E-1	3.368686E-4
-4.622396E-1	3.391316E-4
-4.621094E-1	3.414694E-4
-4.620124E-1	3.426820E-4
-4.620892E-1	3.405419E-4
-4.621394E-1	3.393903E-4
-4.622698E-1	3.384111E-4
-4.623419E-1	3.383554E-4
-4.624546E-1	3.376703E-4
-4.625316E-1	3.369069E-4
-4.626138E-1	3.353203E-4
-4.627165E-1	3.334663E-4
-4.627779E-1	3.325665E-4
-4.628986E-1	3.317723E-4
-4.629822E-1	3.295705E-4
-4.630577E-1	3.286212E-4
-4.631786E-1	3.274169E-4
-4.632491E-1	3.263890E-4
-4.633500E-1	3.255472E-4
-4.634295E-1	3.243705E-4
-4.635085E-1	3.232366E-4
-4.636126E-1	3.219760E-4
-4.636806E-1	3.206994E-4
-4.637721E-1	3.196869E-4
-4.638513E-1	3.180601E-4
-4.639903E-1	3.166177E-4
-4.640549E-1	3.149393E-4
-4.641316E-1	3.132566E-4
-4.642618E-1	3.112408E-4
-4.643372E-1	3.097862E-4
-4.644315E-1	3.088357E-4
-4.645029E-1	3.075250E-4
-4.645990E-1	3.046331E-4
-4.646840E-1	3.036745E-4
-4.647672E-1	3.027915E-4
-4.648482E-1	3.012448E-4
-4.649549E-1	2.988248E-4
-4.650150E-1	2.985749E-4
-4.651326E-1	3.065385E-4
-4.651958E-1	2.980370E-4
-4.652647E-1	2.953749E-4
-4.653637E-1	2.912183E-4
-4.654677E-1	2.918377E-4
-4.655808E-1	2.881871E-4
-4.656364E-1	2.849263E-4
-4.657083E-1	2.809616E-4
-4.657937E-1	2.832611E-4
-4.659127E-1	2.801217E-4
-4.660060E-1	2.790616E-4
-4.660841E-1	2.788634E-4
-4.661753E-1	2.782609E-4
-4.662456E-1	2.771238E-4
-4.663199E-1	2.749379E-4
-4.664275E-1	2.733928E-4
-4.665268E-1	2.717744E-4
-4.666245E-1	2.700566E-4
-4.666797E-1	2.684125E-4
-4.667659E-1	2.666714E-4
-4.668738E-1	2.651792E-4
-4.669404E-1	2.637801E-4
-4.670277E-1	2.625460E-4
-4.671147E-1	2.617742E-4
-4.672343E-1	2.605791E-4
-4.673057E-1	2.594767E-4
-4.673773E-1	2.585185E-4
-4.674858E-1	2.573547E-4
-4.675808E-1	2.559727E-4
-4.676632E-1	2.544756E-4
-4.677675E-1	2.533598E-4
-4.678270E-1	2.521829E-4
-4.679182E-1	2.506790E-4
-4.680427E-1	2.486548E-4
-4.681415E-1	2.479289E-4
-4.681961E-1	2.447209E-4
-4.682974E-1	2.424071E-4
-4.683984E-1	2.407822E-4
-4.684894E-1	2.397478E-4
-4.685842E-1	2.385728E-4
-4.686392E-1	2.374603E-4
-4.687227E-1	2.355096E-4
-4.688082E-1	2.339208E-4
-4.689320E-1	2.330680E-4
-4.689964E-1	2.320521E-4
-4.690940E-1	2.313918E-4
-4.692085E-1	2.303340E-4
-4.692741E-1	2.283658E-4
-4.693906E-1	2.269031E-4
-4.694497E-1	2.255300E-4
-4.695602E-1	2.237489E-4
-4.696228E-1	2.226806E-4
-4.697515E-1	2.224151E-4
-4.698523E-1	2.209170E-4
-4.699351E-1	2.186160E-4
-4.699876E-1	2.168966E-4
-4.700829E-1	2.155484E-4
-4.701740E-1	2.147608E-4
-4.702680E-1	2.141355E-4
-4.703504E-1	2.135905E-4
-4.704424E-1	2.128331E-4
-4.705604E-1	2.122428E-4
-4.706327E-1	2.115033E-4
-4.707272E-1	2.104789E-4
-4.708257E-1	2.093481E-4
-4.708926E-1	2.083875E-4
-4.709798E-1	2.069186E-4
-4.710798E-1	2.052883E-4
-4.711794E-1	2.037472E-4
-4.713033E-1	2.019467E-4
-4.713734E-1	2.007550E-4
-4.714741E-1	1.989692E-4
-4.715710E-1	1.970280E-4
-4.716201E-1	1.953195E-4
-4.717055E-1	1.937411E-4
-4.718052E-1	1.919039E-4
-4.718842E-1	1.904847E-4
-4.720063E-1	1.845449E-4
-4.720810E-1	1.838377E-4
-4.721800E-1	1.835751E-4
-4.722797E-1	1.829246E-4
-4.723685E-1	1.818319E-4
-4.724139E-1	1.801499E-4
-4.725195E-1	1.789702E-4
-4.726171E-1	1.777668E-4
-4.727252E-1	1.766157E-4
-4.727933E-1	1.752748E-4
-4.728848E-1	1.737532E-4
-4.729914E-1	1.723726E-4
-4.730581E-1	1.709005E-4
-4.731812E-1	1.690599E-4
-4.732466E-1	1.673620E-4
-4.733443E-1	1.648375E-4
-4.734536E-1	1.632429E-4
-4.734970E-1	1.620395E-4
-4.735960E-1	1.609389E-4
-4.736840E-1	1.601174E-4
-4.737829E-1	1.588451E-4
-4.739107E-1	1.576758E-4
-4.739925E-1	1.566493E-4
-4.740866E-1	1.553997E-4
-4.741812E-1	1.539387E-4
-4.742755E-1	1.521441E-4
-4.743442E-1	1.508564E-4
-4.744156E-1	1.495250E-4
-4.745200E-1	1.485297E-4
-4.746401E-1	1.474441E-4
-4.746951E-1	1.465867E-4
-4.747582E-1	1.457449E-4
-4.749022E-1	1.445192E-4
-4.749824E-1	1.428070E-4
-4.750443E-1	1.409480E-4
-4.751743E-1	1.392580E-4
-4.752663E-1	1.378483E-4
-4.753241E-1	1.368912E-4
-4.754133E-1	1.360731E-4
-4.755421E-1	1.352399E-4
-4.756124E-1	1.342026E-4
-4.756896E-1	1.327587E-4
-4.757566E-1	1.317208E-4
-4.758743E-1	1.305231E-4
-4.759400E-1	1.297955E-4
-4.760571E-1	1.281536E-4
-4.761451E-1	1.271252E-4
-4.762431E-1	1.262966E-4
-4.763379E-1	1.254722E-4
-4.764245E-1	1.245774E-4
-4.765051E-1	1.231638E-4
-4.766054E-1	1.212180E-4
-4.766537E-1	1.192196E-4
-4.767420E-1	1.172024E-4
-4.768697E-1	1.152101E-4
-4.769411E-1	1.126233E-4
-4.770537E-1	1.116253E-4
-4.771389E-1	1.111506E-4
-4.772061E-1	1.101001E-4
-4.772936E-1	1.092540E-4
-4.773715E-1	1.089841E-4
-4.774622E-1	1.082637E-4
-4.775653E-1	1.079584E-4
-4.776589E-1	1.076634E-4
-4.777788E-1	1.068376E-4
-4.778628E-1	1.057626E-4
-4.779253E-1	1.047527E-4
-4.779978E-1	1.033918E-4
-4.781295E-1	1.016377E-4
-4.781936E-1	1.000726E-4
-4.782883E-1	9.815999E-5
-4.783827E-1	9.573767E-5
-4.784781E-1	9.420566E-5
-4.785553E-1	9.301459E-5
-4.786789E-1	9.159741E-5
-4.787687E-1	9.075329E-5
-4.788135E-1	8.988230E-5
-4.789426E-1	8.947013E-5
-4.789912E-1	8.885790E-5
-4.790878E-1	8.753562E-5
-4.791819E-1	8.501645E-5
-4.792799E-1	8.363138E-5
-4.793805E-1	8.209541E-5
-4.794663E-1	8.012021E-5
-4.795656E-1	7.845052E-5
-4.796407E-1	7.684240E-5
-4.797264E-1	7.462523E-5
-4.797936E-1	7.310595E-5
-4.799001E-1	7.143967E-5
-4.799911E-1	6.974986E-5
-4.800655E-1	6.869840E-5
-4.801667E-1	6.831686E-5
-4.802740E-1	6.784016E-5
-4.803493E-1	6.760280E-5
-4.804508E-1	6.680223E-5
-4.805147E-1	6.599817E-5
-4.805970E-1	6.421580E-5
-4.807053E-1	6.253079E-5
-4.808177E-1	6.094293E-5
-4.809150E-1	5.968677E-5
-4.809968E-1	5.790900E-5
-4.811080E-1	5.565297E-5
-4.811879E-1	5.415807E-5
-4.812764E-1	5.324545E-5
-4.813291E-1	5.265141E-5
-4.814456E-1	5.222071E-5
-4.815508E-1	5.149843E-5
-4.816446E-1	4.971392E-5
-4.817397E-1	4.798475E-5
-4.818315E-1	4.620408E-5
-4.818828E-1	4.428029E-5
-4.819728E-1	4.185510E-5
-4.820694E-1	3.996426E-5
-4.821948E-1	3.849338E-5
-4.822927E-1	3.714974E-5
-4.823295E-1	3.541191E-5
-4.824199E-1	3.269984E-5
-4.825035E-1	3.027769E-5
-4.826214E-1	2.792877E-5
-4.826782E-1	2.629896E-5
-4.827922E-1	2.503049E-5
-4.828918E-1	2.425481E-5
-4.829754E-1	2.384390E-5
-4.830791E-1	2.325247E-5
-4.831264E-1	2.262136E-5
-4.832394E-1	2.166239E-5
-4.833495E-1	2.012309E-5
-4.834110E-1	1.846093E-5
-4.834881E-1	1.672189E-5
-4.835980E-1	1.527560E-5
-4.836857E-1	1.446776E-5
-4.837537E-1	1.222794E-5
-4.838578E-1	2.050132E-5
-4.839575E-1	8.157263E-6
-4.840576E-1	4.020096E-6
-4.841482E-1	-4.007402E-6
-4.841864E-1	-5.040714E-6
-4.843080E-1	-5.595172E-6
-4.843864E-1	-6.478170E-6
-4.844387E-1	-6.893706E-6
-4.845742E-1	-7.674593E-6
-4.846476E-1	-9.095158E-6
-4.846864E-1	-1.109331E-5
-4.847885E-1	-1.146006E-5
-4.848914E-1	-1.150182E-5
-4.849822E-1	-1.171122E-5
-4.850681E-1	-1.197954E-5
-4.851958E-1	-1.323007E-5
-4.852186E-1	-1.449509E-5
-4.853145E-1	-1.589752E-5
-4.853838E-1	-1.732067E-5
-4.855166E-1	-1.798556E-5
-4.856027E-1	-1.963720E-5
-4.856458E-1	-2.119750E-5
-4.857327E-1	-2.211881E-5
-4.858402E-1	-2.261701E-5
-4.859952E-1	-1.292958E-5
-4.861291E-1	-2.398066E-5
-4.861779E-1	-3.050458E-5
-4.862601E-1	-3.302964E-5
-4.863469E-1	-3.376404E-5
-4.864422E-1	-3.438435E-5
-4.865656E-1	-3.453496E-5
-4.866456E-1	-3.465196E-5
-4.867302E-1	-3.515373E-5
-4.868020E-1	-3.566948E-5
-4.869164E-1	-3.650668E-5
-4.869835E-1	-3.842301E-5
-4.870480E-1	-4.045705E-5
-4.871673E-1	-4.244012E-5
-4.872684E-1	-4.401817E-5
-4.873581E-1	-4.566825E-5
-4.874249E-1	-4.749943E-5
-4.874895E-1	-4.903350E-5
-4.875844E-1	-5.093363E-5
-4.876943E-1	-5.272414E-5
-4.877591E-1	-5.418961E-5
-4.878882E-1	-5.532783E-5
-4.879624E-1	-5.723717E-5
-4.880612E-1	-5.823797E-5
-4.881413E-1	-6.091133E-5
-4.882181E-1	-6.198059E-5
-4.883315E-1	-6.306219E-5
-4.883969E-1	-6.415756E-5
-4.884776E-1	-6.520299E-5
-4.885646E-1	-6.722388E-5
-4.886472E-1	-6.943554E-5
-4.887739E-1	-7.279376E-5
-4.888391E-1	-7.576609E-5
-4.889315E-1	-7.644874E-5
-4.890302E-1	-7.736424E-5
-4.891084E-1	-7.688120E-5
-4.892351E-1	-8.214681E-5
-4.893104E-1	-8.553034E-5
-4.894044E-1	-9.021208E-5
-4.895017E-1	-9.318636E-5
-4.895852E-1	-9.434959E-5
-4.896456E-1	-9.628351E-5
-4.897633E-1	-9.690868E-5
-4.898217E-1	-9.733525E-5
-4.899645E-1	-9.799164E-5
-4.900335E-1	-9.838971E-5
-4.900858E-1	-9.902372E-5
-4.901957E-1	-9.969734E-5
-4.902783E-1	-1.004495E-4
-4.903860E-1	-1.020089E-4
-4.904893E-1	-1.026915E-4
-4.905784E-1	-1.043282E-4
-4.906583E-1	-1.060727E-4
-4.907087E-1	-1.075785E-4
-4.908112E-1	-1.094668E-4
-4.908969E-1	-1.109485E-4
-4.909837E-1	-1.133323E-4
-4.910807E-1	-1.150625E-4
-4.911675E-1	-1.165238E-4
-4.912675E-1	-1.188395E-4
-4.913665E-1	-1.200865E-4
-4.914517E-1	-1.203876E-4
-4.915172E-1	-1.208972E-4
-4.916094E-1	-1.214757E-4
-4.917255E-1	-1.222805E-4
-4.917926E-1	-1.234264E-4
-4.919027E-1	-1.244567E-4
-4.919874E-1	-1.259684E-4
-4.920922E-1	-1.279269E-4
-4.921649E-1	-1.299330E-4
-4.922619E-1	-1.313167E-4
-4.923845E-1	-1.338656E-4
-4.924299E-1	-1.353663E-4
-4.925102E-1	-1.381334E-4
-4.926052E-1	-1.399825E-4
-4.926933E-1	-1.412338E-4
-4.927758E-1	-1.426712E-4
-4.928949E-1	-1.443272E-4
-4.929884E-1	-1.449134E-4
-4.930867E-1	-1.454573E-4
-4.931236E-1	-1.461651E-4
-4.932403E-1	-1.512861E-4
-4.933208E-1	-1.543973E-4
-4.934576E-1	-1.548797E-4
-4.934805E-1	-1.561010E-4
-4.935951E-1	-1.556546E-4
-4.936713E-1	-1.582277E-4
-4.938029E-1	-1.605778E-4
-4.938958E-1	-1.614888E-4
-4.939404E-1	-1.633684E-4
-4.940472E-1	-1.654307E-4
-4.941158E-1	-1.668236E-4
-4.942493E-1	-1.694687E-4
-4.942945E-1	-1.715189E-4
-4.944189E-1	-1.728001E-4
-4.945025E-1	-1.753289E-4
-4.945813E-1	-1.771945E-4
-4.946866E-1	-1.777775E-4
-4.947524E-1	-1.784581E-4
-4.948415E-1	-1.788752E-4
-4.949723E-1	-1.800842E-4
-4.950401E-1	-1.813695E-4
-4.951504E-1	-1.830765E-4
-4.952211E-1	-1.843298E-4
-4.953277E-1	-1.853415E-4
-4.954143E-1	-1.863581E-4
-4.955108E-1	-1.877523E-4
-4.955540E-1	-1.888843E-4
-4.956769E-1	-1.900990E-4
-4.957805E-1	-1.914873E-4
-4.958585E-1	-1.936823E-4
-4.959259E-1	-1.956045E-4
-4.960415E-1	-1.968633E-4
-4.961244E-1	-1.982571E-4
-4.962393E-1	-2.003338E-4
-4.962958E-1	-2.023958E-4
-4.964028E-1	-2.039500E-4
-4.964831E-1	-2.046256E-4
-4.965877E-1	-2.051384E-4
-4.966478E-1	-2.069525E-4
-4.967702E-1	-2.083792E-4
-4.968292E-1	-2.099902E-4
-4.969305E-1	-2.116810E-4
-4.970077E-1	-2.142786E-4
-4.970847E-1	-2.172613E-4
-4.971815E-1	-2.200187E-4
-4.972828E-1	-2.223675E-4
-4.973595E-1	-2.254977E-4
-4.974357E-1	-2.287307E-4
-4.975169E-1	-2.307539E-4
-4.976155E-1	-2.318149E-4
-4.977334E-1	-2.324717E-4
-4.977811E-1	-2.333235E-4
-4.979216E-1	-2.342285E-4
-4.979723E-1	-2.361946E-4
-4.981067E-1	-2.381482E-4
-4.982013E-1	-2.396492E-4
-4.982461E-1	-2.408637E-4
-4.983876E-1	-2.423692E-4
-4.984623E-1	-2.432458E-4
-4.985201E-1	-2.442551E-4
-4.985891E-1	-2.454081E-4
-4.987216E-1	-2.469649E-4
-4.987803E-1	-2.476022E-4
-4.988749E-1	-2.484263E-4
-4.990239E-1	-2.495285E-4
-4.991100E-1	-2.500917E-4
-4.991888E-1	-2.514946E-4
-4.992744E-1	-2.525236E-4
-4.993701E-1	-2.538905E-4
-4.994094E-1	-2.557087E-4
-4.994929E-1	-2.591299E-4
-4.995838E-1	-2.616532E-4
-4.996802E-1	-2.639444E-4
-4.997936E-1	-2.658360E-4
-4.998641E-1	-2.671533E-4
-4.999764E-1	-2.683913E-4
-5.000312E-1	-2.711103E-4
-5.001650E-1	-2.736400E-4
-5.002288E-1	-2.769162E-4
-5.003370E-1	-2.792369E-4
-5.004309E-1	-2.804893E-4
-5.005179E-1	-2.815360E-4
-5.006220E-1	-2.828433E-4
-5.006813E-1	-2.846223E-4
-5.008108E-1	-2.862222E-4
-5.008524E-1	-2.874300E-4
-5.009254E-1	-2.881427E-4
-5.010622E-1	-2.885820E-4
-5.011092E-1	-2.888501E-4
-5.012117E-1	-2.895141E-4
-5.012876E-1	-2.924420E-4
-5.014372E-1	-2.938959E-4
-5.014857E-1	-2.955815E-4
-5.016076E-1	-2.971108E-4
-5.016519E-1	-2.990997E-4
-5.017595E-1	-3.054640E-4
-5.018909E-1	-3.078450E-4
-5.019779E-1	-3.084584E-4
