-2.500540E-1	2.934192E-5
-2.510385E-1	2.459890E-5
-2.520293E-1	2.059856E-5
-2.530404E-1	1.709443E-5
-2.540379E-1	1.397624E-5
-2.550563E-1	1.121805E-5
-2.560600E-1	8.707669E-6
-2.570605E-1	6.374468E-6
-2.580736E-1	4.315151E-6
-2.591021E-1	2.335429E-6
-2.600400E-1	4.847942E-7
-2.610106E-1	-1.325248E-6
-2.620032E-1	-2.964167E-6
-2.630369E-1	-4.495011E-6
-2.640477E-1	-5.985421E-6
-2.650651E-1	-7.368872E-6
-2.660549E-1	-8.712133E-6
-2.670632E-1	-1.002244E-5
-2.680672E-1	-1.129105E-5
-2.690855E-1	-1.253983E-5
-2.700491E-1	-1.370565E-5
-2.710633E-1	-1.480171E-5
-2.720595E-1	-1.583818E-5
-2.730824E-1	-1.695820E-5
-2.740650E-1	-1.803434E-5
-2.750920E-1	-1.907819E-5
-2.761029E-1	-2.013051E-5
-2.770766E-1	-2.112236E-5
-2.780861E-1	-2.208775E-5
-2.791018E-1	-2.307688E-5
-2.800807E-1	-2.403958E-5
-2.810940E-1	-2.503246E-5
-2.820571E-1	-2.603032E-5
-2.830695E-1	-2.698630E-5
-2.840996E-1	-2.791972E-5
-2.850738E-1	-2.883987E-5
-2.860867E-1	-2.972871E-5
-2.870699E-1	-3.078435E-5
-2.880555E-1	-3.174215E-5
-2.890813E-1	-3.259293E-5
-2.900810E-1	-3.347755E-5
-2.911302E-1	-3.443545E-5
-2.920982E-1	-3.530261E-5
-2.931438E-1	-3.630167E-5
-2.941111E-1	-3.725900E-5
-2.951165E-1	-3.822143E-5
-2.961236E-1	-3.918373E-5
-2.971151E-1	-4.020116E-5
-2.981172E-1	-4.111969E-5
-2.991219E-1	-4.218713E-5
-3.001255E-1	-4.334342E-5
-3.011141E-1	-4.441467E-5
-3.021086E-1	-4.548830E-5
-3.031040E-1	-4.656371E-5
-3.041126E-1	-4.776362E-5
-3.051145E-1	-4.893760E-5
-3.061052E-1	-5.014605E-5
-3.071009E-1	-5.123404E-5
-3.080769E-1	-5.240295E-5
-3.090940E-1	-5.366003E-5
-3.101135E-1	-5.496111E-5
-3.111010E-1	-5.622447E-5
-3.121268E-1	-5.742678E-5
-3.131409E-1	-5.874270E-5
-3.141544E-1	-5.995000E-5
-3.151255E-1	-6.129388E-5
-3.161547E-1	-6.259033E-5
-3.171560E-1	-6.399145E-5
-3.181469E-1	-6.531226E-5
-3.191380E-1	-6.668256E-5
-3.201688E-1	-6.795592E-5
-3.211511E-1	-6.935187E-5
-3.221440E-1	-7.091799E-5
-3.231412E-1	-7.257080E-5
-3.241525E-1	-7.413374E-5
-3.251604E-1	-7.563507E-5
-3.261732E-1	-7.726841E-5
-3.271502E-1	-7.888875E-5
-3.281360E-1	-8.064918E-5
-3.291384E-1	-8.251581E-5
-3.301498E-1	-8.426432E-5
-3.311591E-1	-8.607126E-5
-3.321504E-1	-8.785083E-5
-3.331718E-1	-8.968614E-5
-3.341791E-1	-9.157369E-5
-3.352031E-1	-9.353642E-5
-3.361877E-1	-9.551749E-5
-3.371880E-1	-9.748968E-5
-3.381876E-1	-9.956065E-5
-3.391674E-1	-1.017576E-4
-3.401656E-1	-1.039444E-4
-3.411865E-1	-1.061923E-4
-3.421738E-1	-1.085826E-4
-3.431774E-1	-1.108964E-4
-3.441584E-1	-1.133169E-4
-3.451771E-1	-1.156687E-4
-3.461971E-1	-1.181622E-4
-3.471964E-1	-1.207134E-4
-3.481643E-1	-1.233206E-4
-3.491678E-1	-1.259529E-4
-3.501636E-1	-1.284844E-4
-3.511747E-1	-1.312073E-4
-3.521789E-1	-1.341367E-4
-3.531779E-1	-1.369325E-4
-3.541924E-1	-1.397493E-4
-3.551954E-1	-1.426987E-4
-3.561776E-1	-1.456720E-4
-3.571862E-1	-1.486272E-4
-3.581920E-1	-1.517059E-4
-3.591664E-1	-1.548414E-4
-3.601779E-1	-1.580870E-4
-3.611842E-1	-1.613668E-4
-3.621772E-1	-1.646707E-4
-3.631757E-1	-1.678505E-4
-3.641408E-1	-1.713399E-4
-3.651431E-1	-1.749133E-4
-3.661515E-1	-1.785137E-4
-3.671554E-1	-1.821354E-4
-3.681684E-1	-1.858691E-4
-3.691770E-1	-1.895794E-4
-3.701813E-1	-1.933370E-4
-3.712084E-1	-1.972016E-4
-3.721996E-1	-2.010255E-4
-3.732038E-1	-2.049801E-4
-3.741741E-1	-2.090512E-4
-3.751902E-1	-1.804463E-4
-3.762681E-1	-2.182584E-4
-3.772632E-1	-2.224540E-4
-3.782934E-1	-2.266901E-4
-3.792863E-1	-2.310986E-4
-3.802950E-1	-2.354412E-4
-3.813103E-1	-2.400332E-4
-3.822910E-1	-2.446170E-4
-3.832909E-1	-2.492940E-4
-3.842544E-1	-2.540778E-4
-3.852415E-1	-2.589140E-4
-3.862511E-1	-2.637645E-4
-3.872540E-1	-2.685027E-4
-3.882610E-1	-2.735211E-4
-3.892486E-1	-2.787335E-4
-3.902800E-1	-2.839674E-4
-3.912763E-1	-2.892799E-4
-3.922930E-1	-2.947272E-4
-3.933181E-1	-3.002941E-4
-3.943012E-1	-3.058674E-4
-3.952926E-1	-3.115813E-4
-3.963114E-1	-3.171710E-4
-3.973089E-1	-3.228516E-4
-3.983212E-1	-3.290732E-4
-3.993213E-1	-3.353592E-4
-4.003431E-1	-3.416871E-4
-4.013427E-1	-3.481321E-4
-4.023537E-1	-3.547307E-4
-4.033567E-1	-3.614708E-4
-4.043178E-1	-3.683025E-4
-4.053222E-1	-3.752833E-4
-4.063300E-1	-3.824676E-4
-4.073505E-1	-3.897958E-4
-4.083542E-1	-3.972430E-4
-4.093549E-1	-4.049651E-4
-4.103429E-1	-4.127799E-4
-4.113523E-1	-4.209336E-4
-4.123520E-1	-4.292361E-4
-4.133595E-1	-4.377977E-4
-4.143663E-1	-4.466367E-4
-4.153868E-1	-4.555260E-4
-4.163952E-1	-4.648152E-4
-4.173944E-1	-4.746446E-4
-4.184223E-1	-4.846764E-4
-4.194206E-1	-4.949173E-4
-4.203943E-1	-5.052185E-4
-4.213949E-1	-5.160837E-4
-4.224034E-1	-5.273892E-4
-4.234173E-1	-5.389830E-4
-4.244239E-1	-5.508707E-4
-4.254122E-1	-5.630833E-4
-4.263779E-1	-5.760067E-4
-4.273933E-1	-5.891230E-4
-4.284108E-1	-6.026436E-4
-4.294203E-1	-6.167120E-4
-4.304146E-1	-6.310080E-4
-4.313995E-1	-6.457706E-4
-4.324258E-1	-6.610402E-4
-4.333950E-1	-6.767550E-4
-4.344220E-1	-6.929950E-4
-4.354416E-1	-7.095016E-4
-4.364426E-1	-7.267285E-4
-4.374593E-1	-7.445649E-4
-4.384664E-1	-7.630745E-4
-4.394746E-1	-7.819099E-4
-4.404830E-1	-8.010822E-4
-4.414740E-1	-8.211572E-4
-4.424564E-1	-8.414126E-4
-4.434717E-1	-8.623919E-4
-4.444812E-1	-8.835656E-4
-4.454780E-1	-9.054462E-4
-4.464402E-1	-9.277311E-4
-4.474640E-1	-9.506947E-4
-4.484682E-1	-9.740508E-4
-4.494647E-1	-9.977937E-4
-4.504923E-1	-1.022078E-3
-4.514964E-1	-1.046667E-3
-4.524942E-1	-1.072131E-3
-4.535024E-1	-1.098076E-3
-4.544993E-1	-1.124544E-3
-4.555048E-1	-1.151558E-3
-4.565301E-1	-1.178945E-3
-4.575289E-1	-1.206666E-3
-4.585262E-1	-1.235039E-3
-4.595226E-1	-1.263972E-3
-4.605390E-1	-1.293408E-3
-4.615359E-1	-1.323371E-3
-4.625602E-1	-1.354130E-3
-4.635721E-1	-1.385040E-3
-4.645661E-1	-1.416874E-3
-4.655803E-1	-1.448806E-3
-4.665521E-1	-1.481246E-3
-4.675404E-1	-1.514269E-3
-4.685451E-1	-1.547485E-3
-4.695310E-1	-1.581075E-3
-4.705619E-1	-1.615589E-3
-4.715413E-1	-1.650699E-3
-4.725608E-1	-1.686535E-3
-4.735577E-1	-1.722566E-3
-4.745632E-1	-1.758993E-3
-4.755702E-1	-1.796302E-3
-4.765595E-1	-1.833974E-3
-4.775648E-1	-1.872396E-3
-4.785798E-1	-1.911716E-3
-4.795687E-1	-1.951272E-3
-4.805885E-1	-1.991057E-3
-4.816252E-1	-2.031375E-3
-4.826319E-1	-2.072420E-3
-4.836495E-1	-2.114353E-3
-4.846317E-1	-2.156826E-3
-4.857605E-1	-2.207038E-4
-4.867482E-1	-2.250501E-3
-4.877286E-1	-2.295652E-3
-4.887380E-1	-2.341499E-3
-4.897506E-1	-2.386583E-3
-4.907711E-1	-2.433882E-3
-4.917775E-1	-2.481375E-3
-4.928116E-1	-2.529595E-3
-4.938116E-1	-2.578655E-3
-4.948170E-1	-2.628957E-3
-4.958220E-1	-2.679088E-3
-4.968420E-1	-2.730623E-3
-4.978215E-1	-2.782879E-3
-4.988686E-1	-2.836300E-3
-4.998583E-1	-2.890288E-3
-5.008559E-1	-2.945052E-3
-5.018861E-1	-3.000101E-3
-5.029258E-1	-3.056169E-3
-5.039255E-1	-3.113623E-3
-5.049412E-1	-3.171664E-3
-5.059575E-1	-3.231180E-3
-5.069676E-1	-3.290985E-3
-5.079349E-1	-3.351888E-3
-5.089186E-1	-3.414052E-3
-5.099537E-1	-3.477862E-3
-5.109504E-1	-3.542392E-3
-5.119676E-1	-3.607330E-3
-5.129899E-1	-3.673125E-3
-5.139940E-1	-3.739714E-3
-5.150264E-1	-3.807178E-3
-5.160402E-1	-3.876854E-3
-5.170179E-1	-3.949753E-3
-5.180419E-1	-4.021355E-3
-5.190382E-1	-4.093118E-3
-5.200857E-1	-4.167051E-3
-5.210665E-1	-4.243272E-3
-5.220909E-1	-4.320239E-3
-5.231216E-1	-4.397777E-3
-5.241335E-1	-4.476228E-3
-5.251468E-1	-4.556071E-3
-5.261668E-1	-4.636321E-3
-5.271929E-1	-4.718439E-3
-5.281908E-1	-4.802865E-3
-5.291772E-1	-4.887881E-3
-5.301972E-1	-4.975432E-3
-5.312271E-1	-5.062731E-3
-5.322343E-1	-5.152751E-3
-5.332475E-1	-5.242315E-3
-5.342329E-1	-5.334128E-3
-5.352445E-1	-5.426497E-3
-5.362760E-1	-5.520246E-3
-5.372956E-1	-5.615908E-3
-5.382959E-1	-5.712529E-3
-5.393163E-1	-5.810999E-3
-5.403469E-1	-5.912380E-3
-5.413844E-1	-6.013109E-3
-5.423726E-1	-6.114633E-3
-5.433933E-1	-6.222332E-3
-5.443954E-1	-6.329006E-3
-5.453935E-1	-6.436823E-3
-5.464048E-1	-6.546395E-3
-5.474528E-1	-6.657873E-3
-5.484703E-1	-6.769450E-3
-5.494654E-1	-6.883389E-3
-5.504837E-1	-6.998037E-3
-5.514833E-1	-7.118922E-3
-5.525303E-1	-7.238792E-3
-5.535390E-1	-7.362202E-3
-5.545398E-1	-7.486470E-3
-5.555484E-1	-7.612825E-3
-5.565819E-1	-7.738146E-3
-5.576243E-1	-7.868553E-3
-5.586286E-1	-7.998345E-3
-5.596470E-1	-8.128971E-3
-5.606833E-1	-8.259839E-3
-5.617250E-1	-8.397174E-3
-5.627272E-1	-8.535167E-3
-5.637316E-1	-8.672763E-3
-5.647548E-1	-8.814317E-3
-5.657699E-1	-8.958651E-3
-5.667791E-1	-9.103467E-3
-5.678269E-1	-9.251747E-3
-5.688351E-1	-9.402977E-3
-5.698544E-1	-9.551435E-3
-5.708938E-1	-9.705291E-3
-5.718814E-1	-9.859723E-3
-5.729320E-1	-1.001631E-2
-5.739828E-1	-1.017600E-2
-5.749968E-1	-1.033710E-2
-5.760288E-1	-1.049849E-2
-5.770323E-1	-1.066515E-2
-5.780724E-1	-1.083109E-2
-5.791054E-1	-1.100029E-2
-5.801175E-1	-1.117274E-2
-5.811413E-1	-1.134557E-2
-5.821856E-1	-1.152107E-2
-5.832165E-1	-1.170025E-2
-5.842303E-1	-1.188019E-2
-5.852715E-1	-1.206793E-2
-5.863170E-1	-1.225415E-2
-5.873547E-1	-1.244202E-2
-5.883524E-1	-1.263316E-2
-5.893727E-1	-1.282590E-2
-5.903401E-1	-1.302153E-2
-5.913663E-1	-1.321673E-2
-5.924087E-1	-1.341526E-2
-5.934358E-1	-1.361989E-2
-5.944673E-1	-1.383080E-2
-5.955300E-1	-1.403812E-2
-5.965611E-1	-1.424917E-2
-5.976064E-1	-1.446363E-2
-5.986302E-1	-1.467843E-2
-5.996500E-1	-1.490091E-2
-6.006595E-1	-1.511919E-2
-6.017004E-1	-1.534312E-2
-6.027323E-1	-1.557210E-2
-6.037642E-1	-1.579895E-2
-6.047994E-1	-1.603371E-2
-6.058531E-1	-1.626896E-2
-6.068833E-1	-1.650778E-2
-6.079292E-1	-1.675035E-2
-6.089724E-1	-1.699428E-2
-6.099829E-1	-1.724338E-2
-6.110153E-1	-1.749260E-2
-6.120216E-1	-1.774761E-2
-6.130857E-1	-1.800041E-2
-6.140992E-1	-1.825903E-2
-6.151353E-1	-1.852563E-2
-6.161794E-1	-1.879360E-2
-6.171970E-1	-1.906312E-2
-6.182557E-1	-1.933459E-2
-6.192635E-1	-1.960931E-2
-6.203232E-1	-1.988874E-2
-6.213794E-1	-2.017203E-2
-6.224195E-1	-2.045658E-2
-6.235742E-1	-2.058779E-3
-6.246299E-1	-2.087391E-2
-6.256446E-1	-2.117459E-2
-6.267049E-1	-2.147317E-2
-6.277492E-1	-2.177190E-2
-6.287728E-1	-2.207444E-2
-6.298129E-1	-2.238596E-2
-6.308464E-1	-2.270672E-2
-6.318888E-1	-2.302028E-2
-6.329485E-1	-2.334165E-2
-6.340007E-1	-2.366064E-2
-6.350381E-1	-2.399083E-2
-6.361047E-1	-2.432133E-2
-6.371317E-1	-2.465736E-2
-6.381625E-1	-2.499834E-2
-6.392087E-1	-2.534295E-2
-6.402776E-1	-2.568927E-2
-6.413256E-1	-2.604261E-2
-6.424085E-1	-2.639735E-2
-6.434706E-1	-2.675444E-2
-6.445191E-1	-2.711801E-2
-6.455765E-1	-2.748265E-2
-6.466270E-1	-2.784815E-2
-6.476686E-1	-2.821967E-2
-6.487401E-1	-2.859831E-2
-6.497774E-1	-2.897454E-2
-6.508296E-1	-2.936902E-2
-6.519137E-1	-2.975037E-2
-6.529434E-1	-3.015189E-2
-6.540391E-1	-3.055603E-2
-6.551172E-1	-3.096650E-2
-6.561528E-1	-3.137508E-2
-6.571866E-1	-3.178994E-2
-6.582653E-1	-3.220536E-2
-6.593001E-1	-3.262801E-2
-6.603834E-1	-3.305482E-2
-6.614420E-1	-3.347769E-2
-6.625214E-1	-3.391172E-2
-6.635794E-1	-3.434727E-2
-6.646095E-1	-3.479564E-2
-6.657009E-1	-3.524191E-2
-6.667516E-1	-3.569967E-2
-6.678487E-1	-3.615368E-2
-6.689288E-1	-3.661444E-2
-6.699720E-1	-3.708630E-2
-6.710369E-1	-3.754974E-2
-6.721173E-1	-3.802658E-2
-6.731456E-1	-3.850037E-2
-6.742105E-1	-3.898143E-2
-6.752715E-1	-3.947837E-2
-6.763563E-1	-3.996324E-2
-6.774357E-1	-4.046373E-2
-6.785079E-1	-4.095997E-2
-6.795953E-1	-4.146109E-2
-6.806609E-1	-4.198070E-2
-6.817555E-1	-4.249368E-2
-6.828168E-1	-4.301517E-2
-6.838785E-1	-4.353123E-2
-6.849612E-1	-4.407098E-2
-6.860364E-1	-4.459941E-2
-6.871168E-1	-4.513983E-2
-6.882103E-1	-4.567958E-2
-6.893008E-1	-4.622301E-2
-6.903524E-1	-4.676950E-2
-6.914345E-1	-4.732049E-2
-6.925384E-1	-4.788970E-2
-6.936193E-1	-4.844367E-2
-6.946968E-1	-4.901405E-2
-6.957790E-1	-4.958356E-2
-6.968737E-1	-5.016406E-2
-6.979475E-1	-5.074437E-2
-6.990112E-1	-5.135609E-2
-7.000967E-1	-5.195071E-2
-7.011671E-1	-5.254380E-2
-7.022591E-1	-5.313870E-2
-7.033957E-1	-5.373555E-2
-7.044481E-1	-5.434504E-2
-7.055632E-1	-5.494157E-2
-7.066354E-1	-5.557607E-2
-7.077218E-1	-5.621249E-2
-7.088226E-1	-5.685431E-2
-7.099179E-1	-5.749841E-2
-7.110149E-1	-5.813487E-2
-7.120874E-1	-5.878311E-2
-7.132076E-1	-5.944480E-2
-7.142651E-1	-6.009677E-2
-7.153466E-1	-6.074407E-2
-7.164499E-1	-6.140201E-2
-7.175529E-1	-6.205700E-2
-7.186594E-1	-6.274266E-2
-7.197245E-1	-6.340675E-2
-7.207979E-1	-6.411094E-2
-7.219221E-1	-6.478280E-2
-7.230215E-1	-6.545969E-2
-7.241100E-1	-6.614522E-2
-7.252263E-1	-6.689689E-2
-7.263589E-1	-6.759552E-2
-7.274632E-1	-6.828729E-2
-7.285511E-1	-6.898822E-2
-7.296584E-1	-6.972161E-2
-7.307458E-1	-7.046679E-2
-7.318410E-1	-7.120192E-2
-7.329537E-1	-7.193782E-2
-7.340715E-1	-7.265610E-2
-7.351462E-1	-7.336298E-2
-7.362824E-1	-7.415736E-2
-7.373996E-1	-7.494844E-2
-7.385128E-1	-7.569903E-2
-7.396235E-1	-7.646263E-2
-7.407373E-1	-7.724927E-2
-7.418878E-1	-7.800858E-2
-7.429887E-1	-7.877253E-2
-7.440939E-1	-7.954121E-2
-7.451938E-1	-8.038788E-2
-7.463168E-1	-8.117668E-2
-7.474164E-1	-8.197405E-2
-7.485447E-1	-8.275669E-2
-7.496704E-1	-8.355965E-2
-7.508264E-1	-8.441994E-2
-7.519208E-1	-8.520691E-2
-7.530335E-1	-8.601889E-2
-7.541509E-1	-8.684178E-2
-7.552598E-1	-8.772013E-2
-7.563274E-1	-8.852994E-2
-7.574821E-1	-8.936514E-2
-7.585880E-1	-9.020963E-2
-7.597064E-1	-9.108829E-2
-7.608348E-1	-9.192915E-2
-7.619914E-1	-9.282364E-2
-7.630937E-1	-9.364436E-2
-7.642472E-1	-9.452536E-2
-7.653649E-1	-9.546952E-2
-7.664449E-1	-9.635995E-2
-7.676122E-1	-9.721898E-2
-7.687504E-1	-9.810645E-2
-7.698660E-1	-9.902702E-2
-7.709862E-1	-9.990108E-2
-7.721453E-1	-1.007827E-1
-7.732845E-1	-1.017436E-1
-7.743901E-1	-1.026241E-1
-7.755188E-1	-1.035743E-1
-7.766386E-1	-1.044708E-1
-7.777481E-1	-1.053664E-1
-7.788828E-1	-1.063396E-1
-7.800379E-1	-1.072474E-1
-7.811748E-1	-1.082139E-1
-7.822892E-1	-1.091548E-1
-7.834053E-1	-1.100874E-1
-7.845477E-1	-1.110618E-1
-7.857104E-1	-1.120083E-1
-7.868434E-1	-1.129154E-1
-7.879599E-1	-1.138550E-1
-7.891289E-1	-1.148904E-1
-7.902390E-1	-1.158281E-1
-7.913896E-1	-1.168262E-1
-7.925189E-1	-1.178075E-1
-7.936681E-1	-1.187777E-1
-7.947802E-1	-1.197238E-1
-7.959230E-1	-1.207896E-1
-7.970622E-1	-1.217930E-1
-7.981820E-1	-1.227765E-1
-7.993324E-1	-1.237286E-1
-8.004978E-1	-1.248050E-1
-8.016158E-1	-1.258218E-1
-8.027692E-1	-1.268110E-1
-8.039273E-1	-1.279197E-1
-8.050344E-1	-1.288771E-1
-8.061849E-1	-1.298994E-1
-8.073583E-1	-1.309421E-1
-8.085039E-1	-1.320306E-1
-8.096603E-1	-1.330854E-1
-8.108091E-1	-1.340865E-1
-8.119801E-1	-1.351718E-1
-8.131231E-1	-1.361975E-1
-8.142646E-1	-1.372842E-1
-8.154014E-1	-1.383323E-1
-8.165716E-1	-1.393926E-1
-8.176933E-1	-1.405170E-1
-8.188797E-1	-1.415718E-1
-8.199944E-1	-1.426419E-1
-8.211855E-1	-1.437483E-1
-8.223246E-1	-1.449028E-1
-8.234542E-1	-1.459342E-1
-8.246386E-1	-1.470428E-1
-8.258186E-1	-1.481685E-1
-8.269902E-1	-1.492567E-1
-8.281074E-1	-1.503384E-1
-8.293028E-1	-1.514990E-1
-8.304158E-1	-1.525841E-1
-8.315847E-1	-1.537533E-1
-8.327656E-1	-1.548525E-1
-8.338753E-1	-1.560130E-1
-8.350624E-1	-1.572183E-1
-8.362268E-1	-1.583897E-1
-8.374008E-1	-1.595184E-1
-8.385500E-1	-1.606123E-1
-8.397062E-1	-1.618947E-1
-8.408961E-1	-1.630166E-1
-8.420477E-1	-1.641667E-1
-8.432228E-1	-1.653808E-1
-8.443709E-1	-1.665637E-1
-8.455232E-1	-1.677766E-1
-8.467192E-1	-1.689598E-1
-8.478880E-1	-1.700925E-1
-8.490295E-1	-1.713170E-1
