-3.996412E-1	1.130966E-5
-3.989594E-1	1.640010E-5
-3.997921E-1	8.788179E-6
-4.008062E-1	3.428841E-6
-4.017952E-1	-4.839030E-6
-4.028084E-1	-1.234348E-5
-4.037853E-1	-2.011743E-5
-4.047399E-1	-2.802789E-5
-4.057761E-1	-3.597394E-5
-4.067694E-1	-4.390798E-5
-4.077692E-1	-5.196920E-5
-4.087911E-1	-5.992156E-5
-4.097517E-1	-6.783159E-5
-4.107645E-1	-7.576830E-5
-4.117577E-1	-8.358134E-5
-4.127692E-1	-9.134016E-5
-4.137434E-1	-9.908063E-5
-4.147481E-1	-1.067253E-4
-4.157642E-1	-1.143047E-4
-4.167797E-1	-1.217842E-4
-4.177705E-1	-1.292289E-4
-4.187659E-1	-1.365035E-4
-4.197647E-1	-1.438107E-4
-4.207484E-1	-1.510059E-4
-4.217351E-1	-1.582174E-4
-4.227427E-1	-1.653325E-4
-4.237486E-1	-1.724587E-4
-4.247334E-1	-1.794509E-4
-4.257353E-1	-1.864330E-4
-4.267252E-1	-1.933819E-4
-4.277187E-1	-2.003295E-4
-4.287190E-1	-2.072603E-4
-4.297273E-1	-2.141336E-4
-4.307287E-1	-2.210157E-4
-4.317148E-1	-2.278758E-4
-4.327163E-1	-2.347366E-4
-4.337044E-1	-2.416107E-4
-4.347107E-1	-2.483504E-4
-4.357466E-1	-2.552187E-4
-4.367273E-1	-2.619915E-4
-4.377280E-1	-2.688328E-4
-4.387548E-1	-2.756031E-4
-4.397535E-1	-2.825260E-4
-4.407380E-1	-2.894687E-4
-4.417031E-1	-2.964796E-4
-4.427095E-1	-3.036133E-4
-4.437018E-1	-3.107801E-4
-4.447292E-1	-3.179960E-4
-4.456837E-1	-3.253180E-4
-4.467041E-1	-3.327414E-4
-4.476800E-1	-3.402033E-4
-4.487005E-1	-3.476872E-4
-4.496718E-1	-3.552902E-4
-4.506761E-1	-3.629598E-4
-4.516868E-1	-3.707452E-4
-4.527152E-1	-3.786134E-4
-4.537023E-1	-3.865595E-4
-4.547104E-1	-3.946264E-4
-4.557041E-1	-4.027451E-4
-4.566849E-1	-4.109766E-4
-4.576989E-1	-4.193618E-4
-4.586813E-1	-4.279349E-4
-4.596999E-1	-4.365467E-4
-4.606890E-1	-4.453851E-4
-4.616848E-1	-4.547739E-4
-4.628887E-1	-4.644348E-4
-4.638923E-1	-4.749773E-4
-4.648827E-1	-4.845449E-4
-4.658633E-1	-4.936110E-4
-4.668301E-1	-5.037527E-4
-4.678215E-1	-5.135992E-4
-4.688371E-1	-5.235869E-4
-4.698305E-1	-5.340165E-4
-4.708253E-1	-5.445245E-4
-4.718611E-1	-5.552822E-4
-4.728395E-1	-5.661382E-4
-4.738514E-1	-5.772183E-4
-4.748820E-1	-5.885028E-4
-4.758656E-1	-6.001226E-4
-4.768460E-1	-6.117997E-4
-4.778403E-1	-6.237630E-4
-4.788247E-1	-6.356533E-4
-4.798668E-1	-6.482072E-4
-4.808664E-1	-6.604970E-4
-4.818607E-1	-6.736804E-4
-4.828692E-1	-6.868328E-4
-4.838792E-1	-7.005958E-4
-4.849020E-1	-7.140492E-4
-4.859008E-1	-7.280801E-4
-4.868660E-1	-7.424354E-4
-4.878483E-1	-7.565702E-4
-4.888506E-1	-7.714639E-4
-4.898692E-1	-7.865284E-4
-4.908445E-1	-8.016396E-4
-4.918768E-1	-8.175156E-4
-4.928761E-1	-8.335082E-4
-4.938681E-1	-8.496814E-4
-4.948878E-1	-8.660968E-4
-4.958941E-1	-8.828023E-4
-4.968603E-1	-8.999439E-4
-4.978682E-1	-9.176896E-4
-4.988679E-1	-9.354196E-4
-4.998635E-1	-9.536037E-4
-5.008546E-1	-9.721625E-4
-5.018740E-1	-9.914120E-4
-5.028767E-1	-1.010602E-3
-5.038885E-1	-1.030588E-3
-5.049108E-1	-1.050797E-3
-5.058949E-1	-1.071244E-3
-5.069046E-1	-1.092140E-3
-5.078649E-1	-1.113923E-3
-5.088602E-1	-1.135789E-3
-5.098755E-1	-1.158044E-3
-5.108448E-1	-1.180799E-3
-5.118674E-1	-1.204231E-3
-5.128863E-1	-1.227801E-3
-5.138757E-1	-1.252001E-3
-5.148868E-1	-1.276745E-3
-5.158745E-1	-1.301787E-3
-5.168957E-1	-1.327323E-3
-5.178676E-1	-1.354045E-3
-5.188817E-1	-1.380656E-3
-5.198904E-1	-1.407748E-3
-5.208648E-1	-1.435284E-3
-5.218796E-1	-1.463768E-3
-5.228885E-1	-1.492876E-3
-5.239004E-1	-1.522403E-3
-5.248874E-1	-1.552534E-3
-5.259062E-1	-1.583028E-3
-5.269241E-1	-1.614441E-3
-5.279064E-1	-1.646038E-3
-5.288841E-1	-1.678389E-3
-5.298733E-1	-1.711560E-3
-5.308780E-1	-1.745139E-3
-5.318571E-1	-1.779405E-3
-5.328837E-1	-1.814425E-3
-5.338708E-1	-1.850349E-3
-5.348559E-1	-1.886941E-3
-5.358647E-1	-1.924225E-3
-5.368528E-1	-1.961819E-3
-5.378788E-1	-2.000331E-3
-5.388872E-1	-2.039792E-3
-5.398907E-1	-2.079844E-3
-5.409021E-1	-2.120889E-3
-5.418922E-1	-2.162117E-3
-5.428771E-1	-2.204334E-3
-5.426486E-1	-7.473151E-4
-5.449566E-1	-2.326373E-3
-5.459493E-1	-2.369033E-3
-5.469669E-1	-2.416843E-3
-5.479764E-1	-2.464403E-3
-5.489611E-1	-2.512397E-3
-5.499268E-1	-2.561714E-3
-5.509401E-1	-2.612070E-3
-5.519497E-1	-2.663195E-3
-5.529706E-1	-2.715504E-3
-5.539626E-1	-2.768114E-3
-5.549409E-1	-2.821733E-3
-5.559601E-1	-2.876299E-3
-5.569426E-1	-2.932351E-3
-5.579461E-1	-2.988757E-3
-5.589616E-1	-3.045571E-3
-5.599799E-1	-3.104421E-3
-5.609878E-1	-3.163787E-3
-5.619923E-1	-3.223697E-3
-5.630058E-1	-3.285426E-3
-5.639997E-1	-3.347449E-3
-5.649938E-1	-3.410633E-3
-5.659899E-1	-3.474704E-3
-5.669975E-1	-3.540040E-3
-5.679940E-1	-3.605639E-3
-5.690046E-1	-3.672672E-3
-5.700041E-1	-3.740908E-3
-5.709987E-1	-3.809303E-3
-5.720178E-1	-3.879486E-3
-5.730131E-1	-3.950762E-3
-5.740154E-1	-4.022349E-3
-5.750250E-1	-4.095889E-3
-5.760492E-1	-4.170072E-3
-5.770511E-1	-4.245439E-3
-5.780385E-1	-4.321185E-3
-5.790460E-1	-4.398308E-3
-5.800357E-1	-4.476534E-3
-5.810432E-1	-4.555530E-3
-5.820206E-1	-4.635429E-3
-5.830478E-1	-4.716995E-3
-5.840406E-1	-4.798918E-3
-5.850825E-1	-4.883274E-3
-5.860710E-1	-4.967830E-3
-5.870585E-1	-5.053372E-3
-5.880935E-1	-5.139637E-3
-5.890872E-1	-5.227217E-3
-5.900421E-1	-5.315897E-3
-5.910254E-1	-5.406560E-3
-5.920308E-1	-5.496136E-3
-5.930520E-1	-5.588592E-3
-5.940511E-1	-5.681545E-3
-5.950395E-1	-5.774869E-3
-5.960695E-1	-5.871034E-3
-5.970642E-1	-5.966609E-3
-5.980961E-1	-6.064138E-3
-5.990615E-1	-6.162199E-3
-6.000647E-1	-6.262077E-3
-6.010739E-1	-6.361792E-3
-6.020764E-1	-6.464772E-3
-6.030731E-1	-6.566810E-3
-6.041026E-1	-6.670376E-3
-6.050896E-1	-6.775638E-3
-6.060915E-1	-6.880323E-3
-6.071130E-1	-6.987380E-3
-6.081072E-1	-7.095085E-3
-6.091256E-1	-7.202244E-3
-6.101002E-1	-7.312193E-3
-6.110862E-1	-7.424266E-3
-6.121014E-1	-7.537281E-3
-6.131062E-1	-7.648636E-3
-6.141201E-1	-7.762590E-3
-6.151095E-1	-7.877525E-3
-6.160948E-1	-7.993713E-3
-6.171230E-1	-8.112343E-3
-6.180959E-1	-8.228320E-3
-6.191114E-1	-8.346837E-3
-6.201135E-1	-8.466108E-3
-6.211288E-1	-8.590527E-3
-6.221266E-1	-8.715281E-3
-6.231629E-1	-8.838496E-3
-6.241452E-1	-8.960309E-3
-6.251459E-1	-9.086379E-3
-6.261396E-1	-9.213869E-3
-6.271275E-1	-9.341449E-3
-6.281371E-1	-9.470127E-3
-6.291545E-1	-9.601934E-3
-6.301574E-1	-9.733331E-3
-6.311365E-1	-9.863664E-3
-6.321233E-1	-9.996674E-3
-6.331329E-1	-1.013286E-2
-6.341317E-1	-1.026859E-2
-6.351482E-1	-1.040666E-2
-6.361329E-1	-1.054438E-2
-6.371179E-1	-1.068267E-2
-6.381166E-1	-1.082239E-2
-6.391178E-1	-1.096237E-2
-6.401414E-1	-1.110515E-2
-6.411431E-1	-1.124716E-2
-6.421462E-1	-1.138982E-2
-6.431777E-1	-1.153675E-2
-6.441720E-1	-1.168352E-2
-6.451826E-1	-1.183011E-2
-6.461953E-1	-1.197852E-2
-6.471654E-1	-1.212738E-2
-6.481849E-1	-1.227861E-2
-6.491850E-1	-1.243117E-2
-6.501803E-1	-1.258723E-2
-6.512020E-1	-1.273934E-2
-6.522100E-1	-1.289424E-2
-6.532092E-1	-1.305028E-2
-6.542204E-1	-1.320865E-2
-6.552088E-1	-1.336542E-2
-6.562253E-1	-1.352476E-2
-6.572176E-1	-1.368350E-2
-6.582032E-1	-1.384303E-2
-6.592167E-1	-1.400674E-2
-6.602232E-1	-1.416574E-2
-6.612240E-1	-1.432866E-2
-6.622176E-1	-1.449547E-2
-6.632249E-1	-1.465819E-2
-6.642499E-1	-1.482486E-2
-6.652348E-1	-1.499033E-2
-6.662477E-1	-1.516028E-2
-6.672531E-1	-1.532811E-2
-6.682586E-1	-1.549790E-2
-6.692625E-1	-1.567045E-2
-6.702762E-1	-1.584271E-2
-6.712778E-1	-1.601598E-2
-6.722492E-1	-1.619175E-2
-6.732341E-1	-1.636924E-2
-6.742471E-1	-1.654246E-2
-6.752416E-1	-1.671796E-2
-6.762334E-1	-1.689525E-2
-6.772410E-1	-1.707232E-2
-6.782632E-1	-1.725447E-2
-6.792838E-1	-1.743456E-2
-6.802741E-1	-1.761710E-2
-6.812952E-1	-1.779222E-2
-6.822894E-1	-1.796995E-2
-6.832757E-1	-1.815468E-2
-6.842853E-1	-1.834010E-2
-6.852990E-1	-1.853532E-2
-6.862895E-1	-1.872274E-2
-6.873126E-1	-1.891023E-2
-6.883110E-1	-1.910252E-2
-6.893365E-1	-1.929899E-2
-6.903338E-1	-1.948807E-2
-6.913606E-1	-1.967718E-2
-6.923380E-1	-1.987086E-2
-6.933391E-1	-2.007465E-2
-6.943287E-1	-2.037394E-2
-6.953232E-1	-2.086694E-2
-6.964417E-1	-2.068469E-2
-6.974402E-1	-2.087901E-2
-6.984345E-1	-2.107353E-2
-6.994213E-1	-2.127915E-2
-7.004437E-1	-2.148473E-2
-7.014557E-1	-2.167494E-2
-7.024533E-1	-2.187376E-2
-7.034621E-1	-2.207993E-2
-7.044702E-1	-2.227426E-2
-7.054902E-1	-2.248102E-2
-7.064836E-1	-2.268943E-2
-7.075146E-1	-2.289948E-2
-7.085181E-1	-2.309738E-2
-7.094919E-1	-2.330658E-2
-7.105087E-1	-2.350860E-2
-7.115047E-1	-2.374588E-2
-7.125113E-1	-2.394705E-2
-7.135018E-1	-2.415656E-2
-7.144966E-1	-2.437405E-2
-7.155001E-1	-2.457901E-2
-7.165108E-1	-2.480626E-2
-7.175086E-1	-2.501188E-2
-7.185179E-1	-2.522140E-2
-7.195213E-1	-2.543579E-2
-7.205044E-1	-2.565045E-2
-7.215187E-1	-2.586489E-2
-7.225322E-1	-2.610872E-2
-7.235359E-1	-2.632115E-2
-7.245558E-1	-2.653266E-2
-7.255806E-1	-2.676877E-2
-7.265788E-1	-2.697666E-2
-7.275984E-1	-2.721172E-2
-7.285850E-1	-2.742817E-2
-7.295884E-1	-2.764766E-2
-7.305803E-1	-2.786956E-2
-7.315810E-1	-2.810527E-2
-7.325929E-1	-2.831495E-2
-7.336013E-1	-2.854372E-2
-7.345967E-1	-2.877775E-2
-7.356091E-1	-2.900890E-2
-7.366223E-1	-2.923889E-2
-7.376240E-1	-2.947637E-2
-7.386356E-1	-2.969952E-2
-7.396601E-1	-2.992591E-2
-7.406545E-1	-3.013953E-2
-7.416620E-1	-3.036396E-2
-7.426674E-1	-3.058902E-2
-7.436903E-1	-3.080965E-2
-7.446817E-1	-3.103993E-2
-7.456744E-1	-3.127080E-2
-7.466863E-1	-3.151312E-2
-7.476908E-1	-3.174904E-2
-7.487007E-1	-3.197252E-2
-7.497049E-1	-3.227974E-2
-7.507201E-1	-3.247795E-2
-7.517253E-1	-3.270733E-2
-7.527401E-1	-3.292706E-2
-7.537514E-1	-3.320398E-2
-7.547253E-1	-3.342092E-2
-7.557042E-1	-3.366203E-2
-7.566896E-1	-3.388654E-2
-7.577120E-1	-3.412508E-2
-7.587239E-1	-3.435187E-2
-7.597271E-1	-3.459321E-2
-7.607535E-1	-3.484126E-2
-7.617497E-1	-3.507745E-2
-7.627642E-1	-3.532047E-2
-7.637752E-1	-3.558030E-2
-7.647802E-1	-3.588067E-2
-7.657713E-1	-3.610551E-2
-7.667721E-1	-3.633996E-2
-7.677813E-1	-3.658370E-2
-7.688037E-1	-3.684550E-2
-7.697934E-1	-3.709281E-2
-7.708098E-1	-3.733671E-2
-7.718300E-1	-3.759288E-2
-7.728333E-1	-3.787302E-2
-7.738226E-1	-3.810976E-2
-7.748396E-1	-3.836151E-2
-7.758121E-1	-3.861051E-2
-7.768265E-1	-3.885222E-2
-7.778250E-1	-3.910669E-2
-7.788392E-1	-3.940981E-2
-7.798388E-1	-3.964888E-2
-7.808410E-1	-3.990635E-2
-7.818475E-1	-4.015238E-2
-7.828334E-1	-4.040596E-2
-7.838475E-1	-4.068555E-2
-7.848608E-1	-4.098130E-2
-7.858781E-1	-4.121255E-2
-7.868848E-1	-4.147194E-2
-7.878986E-1	-4.174642E-2
-7.889088E-1	-4.204326E-2
-7.899048E-1	-4.227802E-2
-7.909283E-1	-4.254609E-2
-7.919146E-1	-4.279619E-2
-7.929116E-1	-4.311034E-2
-7.939263E-1	-4.336043E-2
-7.949291E-1	-4.363735E-2
-7.959246E-1	-4.389080E-2
-7.969093E-1	-4.414688E-2
-7.979251E-1	-4.442888E-2
-7.989203E-1	-4.467269E-2
-7.999306E-1	-4.495706E-2
-8.009279E-1	-4.524484E-2
-8.019190E-1	-4.546599E-2
-8.029127E-1	-4.575233E-2
-8.039372E-1	-4.602033E-2
-8.049521E-1	-4.627292E-2
-8.059639E-1	-4.653147E-2
-8.069737E-1	-4.683418E-2
-8.079928E-1	-4.710583E-2
-8.089936E-1	-4.736502E-2
-8.100031E-1	-4.765200E-2
-8.110111E-1	-4.792249E-2
-8.120057E-1	-4.819917E-2
-8.130198E-1	-4.847784E-2
-8.139982E-1	-4.875300E-2
-8.150147E-1	-4.904411E-2
-8.160188E-1	-4.933241E-2
-8.170309E-1	-4.965253E-2
-8.180344E-1	-4.988546E-2
-8.190297E-1	-5.017596E-2
-8.200535E-1	-5.043257E-2
-8.210632E-1	-5.074438E-2
-8.220585E-1	-5.101115E-2
-8.230688E-1	-5.129265E-2
-8.240789E-1	-5.157371E-2
-8.250984E-1	-5.191254E-2
-8.261042E-1	-5.216392E-2
-8.271127E-1	-5.243786E-2
-8.281323E-1	-5.273391E-2
-8.291356E-1	-5.301490E-2
-8.301478E-1	-5.328063E-2
-8.311439E-1	-5.359443E-2
-8.321608E-1	-5.390765E-2
-8.331540E-1	-5.423382E-2
-8.341380E-1	-5.453868E-2
-8.351591E-1	-5.483830E-2
-8.361732E-1	-5.520061E-2
-8.371728E-1	-5.544966E-2
-8.381799E-1	-5.572482E-2
-8.391714E-1	-5.601068E-2
-8.401712E-1	-5.631472E-2
-8.411834E-1	-5.658253E-2
-8.421737E-1	-5.689157E-2
-8.431687E-1	-5.716835E-2
-8.441874E-1	-5.747771E-2
-8.451768E-1	-5.775346E-2
-8.462015E-1	-5.813563E-2
-8.471910E-1	-5.837437E-2
-8.482078E-1	-5.864691E-2
-8.491919E-1	-5.893395E-2
-8.501465E-1	-5.921530E-2
-8.510382E-1	-5.947623E-2
-8.519210E-1	-5.975483E-2
-8.527743E-1	-5.999691E-2
-8.535760E-1	-6.026329E-2
-8.543479E-1	-6.052785E-2
-8.551273E-1	-6.076261E-2
-8.558828E-1	-6.102482E-2
-8.565688E-1	-6.126814E-2
-8.572586E-1	-6.149063E-2
-8.578587E-1	-6.170413E-2
-8.584808E-1	-6.196094E-2
-8.591222E-1	-6.208498E-2
-8.596959E-1	-6.227186E-2
-8.602862E-1	-6.239250E-2
-8.608826E-1	-6.256886E-2
-8.614780E-1	-6.276846E-2
-8.620696E-1	-6.294366E-2
-8.627750E-1	-6.322048E-2
-8.634440E-1	-6.337539E-2
-8.640349E-1	-6.354790E-2
-8.646211E-1	-6.373833E-2
-8.652898E-1	-6.393516E-2
-8.659612E-1	-6.415036E-2
-8.665704E-1	-6.436180E-2
-8.672548E-1	-6.456927E-2
-8.679397E-1	-6.483011E-2
-8.686026E-1	-6.500358E-2
-8.692660E-1	-6.517718E-2
-8.699008E-1	-6.540367E-2
-8.705106E-1	-6.558392E-2
-8.711590E-1	-6.579248E-2
-8.718584E-1	-6.601366E-2
-8.726067E-1	-6.624427E-2
-8.733969E-1	-6.651087E-2
-8.741733E-1	-6.677065E-2
-8.749339E-1	-6.703028E-2
-8.756614E-1	-6.724876E-2
-8.763986E-1	-6.750165E-2
-8.770596E-1	-6.780585E-2
-8.777611E-1	-6.806954E-2
-8.783927E-1	-6.825847E-2
-8.789814E-1	-6.831609E-2
-8.795575E-1	-6.846033E-2
-8.801852E-1	-6.868837E-2
-8.808163E-1	-6.884275E-2
-8.814785E-1	-6.904502E-2
-8.821326E-1	-6.930206E-2
-8.828276E-1	-6.951096E-2
-8.835312E-1	-6.970345E-2
-8.842492E-1	-6.994072E-2
-8.849668E-1	-7.017505E-2
-8.856888E-1	-7.040603E-2
-8.864281E-1	-7.066985E-2
-8.872102E-1	-7.091180E-2
-8.879802E-1	-7.118438E-2
-8.887277E-1	-7.141363E-2
-8.894487E-1	-7.167020E-2
-8.901809E-1	-7.200749E-2
-8.909229E-1	-7.222082E-2
-8.916467E-1	-7.239002E-2
-8.923491E-1	-7.270393E-2
-8.930863E-1	-7.291198E-2
-8.937587E-1	-7.292491E-2
-8.945667E-1	-7.404245E-2
-8.953427E-1	-7.488872E-2
-8.967534E-1	-8.196394E-2
-8.975201E-1	-8.226831E-2
-8.982608E-1	-8.252243E-2
-8.990541E-1	-8.285571E-2
-8.998369E-1	-8.304085E-2
-9.006596E-1	-8.331833E-2
-9.014743E-1	-8.364229E-2
-9.022976E-1	-8.396189E-2
-9.030999E-1	-8.419872E-2
-9.038533E-1	-8.444500E-2
-9.045985E-1	-8.476328E-2
-9.053192E-1	-8.496439E-2
-9.060877E-1	-8.527684E-2
-9.068756E-1	-8.548837E-2
-9.077064E-1	-8.580878E-2
-9.084873E-1	-8.610229E-2
-9.092591E-1	-8.643997E-2
-9.100224E-1	-8.680422E-2
-9.107941E-1	-8.707118E-2
-9.115617E-1	-8.732263E-2
-9.123649E-1	-8.778594E-2
-9.130917E-1	-8.804844E-2
-9.138311E-1	-8.833623E-2
-9.145488E-1	-8.861217E-2
-9.152987E-1	-8.890959E-2
-9.160090E-1	-8.923516E-2
-9.167292E-1	-8.936588E-2
-9.174861E-1	-8.958835E-2
-9.181941E-1	-8.983621E-2
-9.189219E-1	-9.003976E-2
-9.196789E-1	-9.032373E-2
-9.204409E-1	-9.059743E-2
-9.212180E-1	-9.085575E-2
-9.219767E-1	-9.111455E-2
-9.227951E-1	-9.141051E-2
-9.235875E-1	-9.166608E-2
-9.244129E-1	-9.194437E-2
-9.252273E-1	-9.223808E-2
-9.260580E-1	-9.251286E-2
-9.268636E-1	-9.277278E-2
-9.276943E-1	-9.315281E-2
-9.285316E-1	-9.331558E-2
-9.293416E-1	-9.361425E-2
-9.301976E-1	-9.396296E-2
-9.310348E-1	-9.423305E-2
-9.318844E-1	-9.445965E-2
-9.327415E-1	-9.476637E-2
-9.335420E-1	-9.503922E-2
-9.344104E-1	-9.547301E-2
-9.352365E-1	-9.581363E-2
-9.360812E-1	-9.616444E-2
-9.369122E-1	-9.653358E-2
-9.377695E-1	-9.701072E-2
-9.386490E-1	-9.732493E-2
-9.394493E-1	-9.763983E-2
-9.402686E-1	-9.795409E-2
-9.410566E-1	-9.831140E-2
-9.418693E-1	-9.863889E-2
-9.426758E-1	-9.891152E-2
-9.434737E-1	-9.882947E-2
-9.442654E-1	-9.895001E-2
-9.450735E-1	-9.927841E-2
-9.459086E-1	-9.965894E-2
-9.467391E-1	-1.000490E-1
-9.475542E-1	-1.003247E-1
-9.483874E-1	-1.006685E-1
-9.492111E-1	-1.011842E-1
-9.500353E-1	-1.014980E-1
-9.508450E-1	-1.018236E-1
-9.516845E-1	-1.021882E-1
-9.525042E-1	-1.025178E-1
-9.533415E-1	-1.027967E-1
-9.541442E-1	-1.030124E-1
-9.549211E-1	-1.032256E-1
-9.557028E-1	-1.033998E-1
-9.564899E-1	-1.037242E-1
-9.572400E-1	-1.039100E-1
-9.580207E-1	-1.041860E-1
-9.588402E-1	-1.045042E-1
-9.596253E-1	-1.048252E-1
-9.604220E-1	-1.051268E-1
-9.612307E-1	-1.055022E-1
-9.620094E-1	-1.059889E-1
-9.627838E-1	-1.061947E-1
-9.635804E-1	-1.065160E-1
-9.643530E-1	-1.068124E-1
-9.651528E-1	-1.070953E-1
-9.659236E-1	-1.073628E-1
-9.666891E-1	-1.076667E-1
-9.674825E-1	-1.081054E-1
-9.682423E-1	-1.084351E-1
-9.690228E-1	-1.086873E-1
-9.698135E-1	-1.089636E-1
-9.706175E-1	-1.093102E-1
-9.713623E-1	-1.095809E-1
-9.720705E-1	-1.094423E-1
-9.728618E-1	-1.097500E-1
-9.736294E-1	-1.100202E-1
-9.743767E-1	-1.103032E-1
-9.751724E-1	-1.106389E-1
-9.759479E-1	-1.109738E-1
-9.766979E-1	-1.113923E-1
-9.774658E-1	-1.116983E-1
-9.782146E-1	-1.125828E-1
-9.789647E-1	-1.128153E-1
-9.797251E-1	-1.131580E-1
-9.804857E-1	-1.134219E-1
-9.812398E-1	-1.134176E-1
-9.819824E-1	-1.134778E-1
-9.827629E-1	-1.137605E-1
-9.835329E-1	-1.140529E-1
-9.843068E-1	-1.143047E-1
-9.850946E-1	-1.145758E-1
-9.858543E-1	-1.148859E-1
-9.866360E-1	-1.152347E-1
-9.874170E-1	-1.155971E-1
-9.881531E-1	-1.158900E-1
-9.889196E-1	-1.161956E-1
-9.896437E-1	-1.164536E-1
-9.903991E-1	-1.167884E-1
-9.911451E-1	-1.165813E-1
-9.918931E-1	-1.168840E-1
-9.926309E-1	-1.170594E-1
-9.933798E-1	-1.173440E-1
-9.941601E-1	-1.176229E-1
-9.949675E-1	-1.179384E-1
-9.957386E-1	-1.183341E-1
-9.965513E-1	-1.187829E-1
-9.973168E-1	-1.190168E-1
-9.980792E-1	-1.193699E-1
-9.988859E-1	-1.195926E-1
-9.996740E-1	-1.199696E-1
-1.000440E+0	-1.202863E-1
-1.001206E+0	-1.200727E-1
-1.001938E+0	-1.202053E-1
-1.002697E+0	-1.205553E-1
-1.003433E+0	-1.208051E-1
-1.004240E+0	-1.211570E-1
-1.005037E+0	-1.214886E-1
-1.005859E+0	-1.219588E-1
-1.006657E+0	-1.222922E-1
-1.007446E+0	-1.225856E-1
-1.008217E+0	-1.229570E-1
-1.008965E+0	-1.233070E-1
-1.009737E+0	-1.236513E-1
-1.010518E+0	-1.239728E-1
-1.011273E+0	-1.242366E-1
-1.012037E+0	-1.245312E-1
-1.012790E+0	-1.248393E-1
-1.013563E+0	-1.256530E-1
-1.014339E+0	-1.261469E-1
-1.015104E+0	-1.261701E-1
-1.015862E+0	-1.264985E-1
-1.016616E+0	-1.268085E-1
-1.017401E+0	-1.271955E-1
-1.018166E+0	-1.278321E-1
-1.018974E+0	-1.282914E-1
-1.019743E+0	-1.286531E-1
-1.020514E+0	-1.289198E-1
-1.021296E+0	-1.292439E-1
-1.022064E+0	-1.294939E-1
-1.022835E+0	-1.298548E-1
-1.023597E+0	-1.299625E-1
-1.024374E+0	-1.297670E-1
-1.025153E+0	-1.301158E-1
-1.025960E+0	-1.304475E-1
-1.026726E+0	-1.307685E-1
-1.027527E+0	-1.310925E-1
-1.028277E+0	-1.314650E-1
-1.029067E+0	-1.318757E-1
-1.029859E+0	-1.322181E-1
-1.030664E+0	-1.324933E-1
-1.031474E+0	-1.327822E-1
-1.032284E+0	-1.331273E-1
-1.033098E+0	-1.334492E-1
-1.033927E+0	-1.331462E-1
-1.034701E+0	-1.333034E-1
-1.035518E+0	-1.336292E-1
-1.036317E+0	-1.339135E-1
-1.037119E+0	-1.342267E-1
-1.037889E+0	-1.347324E-1
-1.038693E+0	-1.348916E-1
-1.039497E+0	-1.347408E-1
-1.040293E+0	-1.351221E-1
-1.041099E+0	-1.354099E-1
-1.041888E+0	-1.357835E-1
-1.042668E+0	-1.361230E-1
-1.043470E+0	-1.365254E-1
-1.044231E+0	-1.369539E-1
-1.045043E+0	-1.375365E-1
-1.045858E+0	-1.379959E-1
-1.046625E+0	-1.383892E-1
-1.047447E+0	-1.384613E-1
-1.048247E+0	-1.387878E-1
-1.049037E+0	-1.395167E-1
-1.049875E+0	-1.398903E-1
-1.050694E+0	-1.406552E-1
-1.051547E+0	-1.410222E-1
-1.052345E+0	-1.411149E-1
-1.053154E+0	-1.414380E-1
-1.053989E+0	-1.417659E-1
-1.054810E+0	-1.421391E-1
-1.055606E+0	-1.426781E-1
-1.056488E+0	-1.430683E-1
-1.057364E+0	-1.437688E-1
-1.058211E+0	-1.442075E-1
-1.059045E+0	-1.439885E-1
-1.059883E+0	-1.443253E-1
-1.060728E+0	-1.447076E-1
-1.061599E+0	-1.451200E-1
-1.062432E+0	-1.455348E-1
-1.063279E+0	-1.460288E-1
-1.064121E+0	-1.465631E-1
-1.064984E+0	-1.470531E-1
-1.065817E+0	-1.468647E-1
-1.066671E+0	-1.471759E-1
-1.067506E+0	-1.475637E-1
-1.068321E+0	-1.478589E-1
-1.069153E+0	-1.484080E-1
-1.069980E+0	-1.489799E-1
-1.070803E+0	-1.494032E-1
-1.071665E+0	-1.499175E-1
-1.072484E+0	-1.503260E-1
-1.073312E+0	-1.507467E-1
-1.074116E+0	-1.509213E-1
-1.074906E+0	-1.506869E-1
-1.075714E+0	-1.511799E-1
-1.076587E+0	-1.515445E-1
-1.077429E+0	-1.519170E-1
-1.078276E+0	-1.518771E-1
-1.079120E+0	-1.522645E-1
-1.079971E+0	-1.528778E-1
-1.080811E+0	-1.530820E-1
-1.081686E+0	-1.534421E-1
-1.082520E+0	-1.538451E-1
-1.083372E+0	-1.543475E-1
-1.084210E+0	-1.549460E-1
-1.085041E+0	-1.551079E-1
-1.085887E+0	-1.556680E-1
-1.086717E+0	-1.561223E-1
-1.087580E+0	-1.566459E-1
-1.088437E+0	-1.570663E-1
-1.089297E+0	-1.575315E-1
-1.090165E+0	-1.579559E-1
-1.090995E+0	-1.585611E-1
-1.091850E+0	-1.588836E-1
-1.092716E+0	-1.585691E-1
-1.093517E+0	-1.589044E-1
-1.094371E+0	-1.593361E-1
-1.095181E+0	-1.598152E-1
-1.095984E+0	-1.604745E-1
-1.096828E+0	-1.608629E-1
-1.097644E+0	-1.608087E-1
-1.098477E+0	-1.611383E-1
-1.099308E+0	-1.615942E-1
-1.100120E+0	-1.620178E-1
-1.100985E+0	-1.626692E-1
