-4.170946E-1	-2.591708E-4
-4.165039E-1	-2.543900E-4
-4.155373E-1	-2.479572E-4
-4.145279E-1	-2.411356E-4
-4.135108E-1	-2.337017E-4
-4.126958E-1	-2.276950E-5
-4.117213E-1	-2.196356E-4
-4.106951E-1	-2.128547E-4
-4.097225E-1	-2.034623E-4
-4.087659E-1	-1.932215E-4
-4.077675E-1	-1.797004E-4
-4.067660E-1	-1.693407E-4
-4.057743E-1	-1.428137E-4
-4.047597E-1	-1.319905E-4
-4.037745E-1	-1.173789E-4
-4.027838E-1	-1.065993E-4
-4.017879E-1	-9.434526E-5
-4.007997E-1	-8.542634E-5
-3.997809E-1	-8.260621E-5
-3.987771E-1	-6.630234E-5
-3.978093E-1	-4.214677E-5
-3.968229E-1	-4.225348E-5
-3.958376E-1	-1.655307E-5
-3.948570E-1	4.899330E-6
-3.938685E-1	2.644632E-5
-3.929020E-1	4.424440E-5
-3.919104E-1	6.212605E-5
-3.909042E-1	7.835711E-5
-3.899043E-1	8.775453E-5
-3.889360E-1	1.071597E-4
-3.879332E-1	1.413744E-4
-3.869552E-1	1.692792E-4
-3.859404E-1	1.852008E-4
-3.849592E-1	2.045619E-4
-3.840171E-1	2.241038E-4
-3.830320E-1	2.357751E-4
-3.820589E-1	2.573711E-4
-3.810988E-1	2.821208E-4
-3.799754E-1	3.037943E-4
-3.789644E-1	3.401085E-4
-3.779459E-1	3.739442E-4
-3.769599E-1	4.043592E-4
-3.759839E-1	4.385161E-4
-3.749933E-1	4.674486E-4
-3.739809E-1	4.963294E-4
-3.729989E-1	5.257989E-4
-3.720095E-1	5.553885E-4
-3.710277E-1	5.868481E-4
-3.699829E-1	6.178206E-4
-3.690179E-1	6.521642E-4
-3.680289E-1	6.852248E-4
-3.670029E-1	7.188979E-4
-3.660298E-1	7.600427E-4
-3.649946E-1	7.990200E-4
-3.640213E-1	8.368264E-4
-3.630669E-1	8.778983E-4
-3.620561E-1	9.150748E-4
-3.610948E-1	9.523700E-4
-3.600956E-1	9.890234E-4
-3.590924E-1	1.023557E-3
-3.580955E-1	1.060410E-3
-3.571096E-1	1.096240E-3
-3.560968E-1	1.131450E-3
-3.551314E-1	1.169298E-3
-3.541352E-1	1.211877E-3
-3.531352E-1	1.252708E-3
-3.521263E-1	1.294198E-3
-3.511348E-1	1.336243E-3
-3.501420E-1	1.377592E-3
-3.491317E-1	1.418484E-3
-3.481363E-1	1.458284E-3
-3.471678E-1	1.496719E-3
-3.461568E-1	1.534333E-3
-3.452067E-1	1.570705E-3
-3.441995E-1	1.604729E-3
-3.431804E-1	1.640071E-3
-3.422044E-1	1.677842E-3
-3.412150E-1	1.718769E-3
-3.402103E-1	1.758555E-3
-3.392567E-1	1.801471E-3
-3.382381E-1	1.841200E-3
-3.372848E-1	1.879871E-3
-3.362589E-1	1.917060E-3
-3.352843E-1	1.953479E-3
-3.342453E-1	1.988837E-3
-3.333117E-1	2.022831E-3
-3.322993E-1	2.056798E-3
-3.312528E-1	2.090111E-3
-3.302300E-1	2.233920E-4
-3.292563E-1	2.204813E-3
-3.282392E-1	2.222066E-3
-3.272691E-1	2.249266E-3
-3.262795E-1	2.280352E-3
-3.252957E-1	2.312981E-3
-3.243085E-1	2.346201E-3
-3.233002E-1	2.379541E-3
-3.222991E-1	2.411214E-3
-3.213137E-1	2.443368E-3
-3.203426E-1	2.474638E-3
-3.193104E-1	2.505843E-3
-3.183320E-1	2.536926E-3
-3.173544E-1	2.569203E-3
-3.163749E-1	2.598916E-3
-3.153662E-1	2.628690E-3
-3.143742E-1	2.658534E-3
-3.133563E-1	2.686889E-3
-3.123543E-1	2.715432E-3
-3.113426E-1	2.745367E-3
-3.103849E-1	2.776244E-3
-3.093667E-1	2.807598E-3
-3.083542E-1	2.837895E-3
-3.073656E-1	2.868044E-3
-3.063843E-1	2.898786E-3
-3.054206E-1	2.929209E-3
-3.044201E-1	2.958686E-3
-3.034087E-1	2.988111E-3
-3.024217E-1	3.018562E-3
-3.014473E-1	3.050646E-3
-3.004727E-1	3.081304E-3
-2.994467E-1	3.113149E-3
-2.984556E-1	3.147400E-3
-2.974651E-1	3.183190E-3
-2.964753E-1	3.220746E-3
-2.954883E-1	3.259262E-3
-2.945086E-1	3.298529E-3
-2.934856E-1	3.337587E-3
-2.924950E-1	3.377145E-3
-2.915082E-1	3.420453E-3
-2.904894E-1	3.462746E-3
-2.894733E-1	3.513249E-3
-2.884987E-1	3.558362E-3
-2.875052E-1	3.606744E-3
-2.865150E-1	3.654002E-3
-2.855380E-1	3.704423E-3
-2.845427E-1	3.753406E-3
-2.835337E-1	3.801443E-3
-2.825495E-1	3.850262E-3
-2.815415E-1	3.900814E-3
-2.805637E-1	3.955124E-3
-2.795744E-1	4.016534E-3
-2.786080E-1	4.078564E-3
-2.775989E-1	4.137505E-3
-2.766086E-1	4.197832E-3
-2.755847E-1	4.257948E-3
-2.745816E-1	4.319663E-3
-2.735963E-1	4.383649E-3
-2.725778E-1	4.448975E-3
-2.715787E-1	4.516175E-3
-2.706062E-1	4.586587E-3
-2.696124E-1	4.657972E-3
-2.686185E-1	4.730002E-3
-2.676074E-1	4.802070E-3
-2.666136E-1	4.874163E-3
-2.656287E-1	4.947832E-3
-2.646525E-1	5.023120E-3
-2.636394E-1	5.098370E-3
-2.626588E-1	5.176777E-3
-2.616433E-1	5.257727E-3
-2.606684E-1	5.336563E-3
-2.596888E-1	5.421107E-3
-2.586999E-1	5.502461E-3
-2.577216E-1	5.585466E-3
-2.567321E-1	5.670566E-3
-2.557384E-1	5.758860E-3
-2.547292E-1	5.847637E-3
-2.537067E-1	5.935644E-3
-2.527276E-1	6.024127E-3
-2.517077E-1	6.110942E-3
-2.507190E-1	6.199323E-3
-2.497455E-1	6.289405E-3
-2.487489E-1	6.375047E-3
-2.477626E-1	6.464081E-3
-2.467731E-1	6.551915E-3
-2.457517E-1	6.638148E-3
-2.447559E-1	6.725469E-3
-2.437581E-1	6.812776E-3
-2.427813E-1	6.900018E-3
-2.417739E-1	6.982721E-3
-2.407836E-1	7.064538E-3
-2.397825E-1	7.145362E-3
-2.388098E-1	7.225284E-3
-2.377830E-1	7.304435E-3
-2.368058E-1	7.381828E-3
-2.358216E-1	7.459552E-3
-2.348150E-1	7.534621E-3
-2.338613E-1	7.608334E-3
-2.328261E-1	7.680346E-3
-2.318640E-1	7.748904E-3
-2.308787E-1	7.820336E-3
-2.298501E-1	7.893023E-3
-2.288530E-1	7.961294E-3
-2.278793E-1	8.028525E-3
-2.268515E-1	8.100908E-3
-2.258906E-1	8.171943E-3
-2.249053E-1	8.236570E-3
-2.239049E-1	8.303750E-3
-2.229256E-1	8.364412E-3
-2.219310E-1	8.424820E-3
-2.209126E-1	8.488199E-3
-2.199344E-1	8.545683E-3
-2.189433E-1	8.600354E-3
-2.179549E-1	8.655280E-3
-2.169880E-1	8.710341E-3
-2.159678E-1	8.761207E-3
-2.149574E-1	8.810954E-3
-2.140111E-1	8.863119E-3
-2.129928E-1	8.911457E-3
-2.120347E-1	8.962929E-3
-2.110347E-1	9.011522E-3
-2.100384E-1	9.062082E-3
-2.090117E-1	9.110350E-3
-2.080384E-1	9.156923E-3
-2.070261E-1	9.202153E-3
-2.060256E-1	9.247812E-3
-2.050495E-1	9.294901E-3
-2.040491E-1	9.342538E-3
-2.031000E-1	9.387688E-3
-2.020845E-1	9.430682E-3
-2.010930E-1	9.475500E-3
-2.001298E-1	9.523841E-3
-1.991126E-1	9.569899E-3
-1.981391E-1	9.613851E-3
-1.971545E-1	9.656633E-3
-1.961952E-1	9.701265E-3
-1.951705E-1	9.744133E-3
-1.941891E-1	9.789520E-3
-1.931695E-1	9.832332E-3
-1.921667E-1	9.873588E-3
-1.912011E-1	9.920590E-3
-1.901538E-1	9.970331E-3
-1.891724E-1	1.002346E-2
-1.881982E-1	1.007594E-2
-1.872077E-1	1.013006E-2
-1.862294E-1	1.018678E-2
-1.852235E-1	1.024257E-2
-1.842421E-1	1.030113E-2
-1.831997E-1	1.036557E-2
-1.822393E-1	1.043025E-2
-1.812425E-1	1.049890E-2
-1.802346E-1	1.057476E-2
-1.792298E-1	1.065092E-2
-1.782274E-1	1.072775E-2
-1.772809E-1	1.081074E-2
-1.763214E-1	1.089316E-2
-1.753266E-1	1.097755E-2
-1.742993E-1	1.106100E-2
-1.732911E-1	1.114574E-2
-1.723308E-1	1.122968E-2
-1.713435E-1	1.130353E-2
-1.703442E-1	1.137629E-2
-1.693495E-1	1.145021E-2
-1.683496E-1	1.152140E-2
-1.673355E-1	1.158422E-2
-1.663418E-1	1.164542E-2
-1.653732E-1	1.169850E-2
-1.643668E-1	1.174585E-2
-1.633562E-1	1.178522E-2
-1.623959E-1	1.181978E-2
-1.613618E-1	1.184545E-2
-1.603854E-1	1.186419E-2
-1.593816E-1	1.187600E-2
-1.583940E-1	1.188171E-2
-1.574118E-1	1.188402E-2
-1.564042E-1	1.187728E-2
-1.554140E-1	1.186234E-2
-1.544400E-1	1.184293E-2
-1.534366E-1	1.181054E-2
-1.524555E-1	1.176927E-2
-1.514307E-1	1.172039E-2
-1.504586E-1	1.166921E-2
-1.494358E-1	1.160916E-2
-1.484514E-1	1.154114E-2
-1.474578E-1	1.146440E-2
-1.464936E-1	1.138356E-2
-1.454707E-1	1.129524E-2
-1.444897E-1	1.120142E-2
-1.435062E-1	1.110043E-2
-1.425122E-1	1.099445E-2
-1.414827E-1	1.088161E-2
-1.404731E-1	1.076852E-2
-1.395124E-1	1.064967E-2
-1.384953E-1	1.052133E-2
-1.374846E-1	1.038800E-2
-1.365488E-1	1.024893E-2
-1.355742E-1	1.010418E-2
-1.345669E-1	9.958436E-3
-1.335593E-1	9.803512E-3
-1.325626E-1	9.641584E-3
-1.315905E-1	9.475977E-3
-1.305767E-1	9.306979E-3
-1.295829E-1	9.134520E-3
-1.285797E-1	8.960586E-3
-1.276001E-1	8.785348E-3
-1.265859E-1	8.608734E-3
-1.256139E-1	8.432836E-3
-1.245910E-1	8.256686E-3
-1.236318E-1	8.078209E-3
-1.226425E-1	7.898082E-3
-1.216439E-1	7.719534E-3
-1.206134E-1	7.542005E-3
-1.196016E-1	7.364959E-3
-1.186511E-1	7.188349E-3
-1.176259E-1	7.010693E-3
-1.165997E-1	6.833723E-3
-1.156252E-1	6.659931E-3
-1.146412E-1	6.485326E-3
-1.136679E-1	6.313787E-3
-1.126650E-1	6.146122E-3
-1.116808E-1	5.980510E-3
-1.106999E-1	5.818795E-3
-1.096892E-1	5.661532E-3
-1.087182E-1	5.512346E-3
-1.077062E-1	5.368052E-3
-1.067290E-1	5.222838E-3
-1.057491E-1	5.081392E-3
-1.047079E-1	4.947139E-3
-1.037367E-1	4.816513E-3
-1.027012E-1	4.686131E-3
-1.017132E-1	4.557915E-3
-1.007580E-1	4.432243E-3
-9.974844E-2	4.310073E-3
-9.876426E-2	4.192066E-3
-9.779871E-2	4.078009E-3
-9.678282E-2	3.972919E-3
-9.578382E-2	3.871345E-3
-9.482463E-2	3.772668E-3
-9.382389E-2	3.677345E-3
-9.282376E-2	3.579184E-3
-9.185501E-2	3.482592E-3
-9.086553E-2	3.386892E-3
-8.986920E-2	3.297375E-3
-8.891580E-2	3.209600E-3
-8.791106E-2	3.124227E-3
-8.687998E-2	3.040246E-3
-8.593711E-2	2.962289E-3
-8.488477E-2	2.887558E-3
-8.388932E-2	2.816635E-3
-8.290853E-2	2.748697E-3
-8.193515E-2	2.682781E-3
-8.094349E-2	2.619195E-3
-7.994897E-2	2.556218E-3
-7.896644E-2	2.498243E-3
-7.794667E-2	2.442211E-3
-7.696575E-2	2.387611E-3
-7.596997E-2	2.334883E-3
-7.492947E-2	2.282897E-3
-7.396284E-2	2.236122E-3
-7.300638E-2	2.191399E-3
-7.202276E-2	2.147999E-3
-7.101175E-2	2.108239E-3
-7.003253E-2	2.070337E-3
-6.903546E-2	2.034005E-3
-6.802576E-2	2.000487E-3
-6.699423E-2	1.967415E-3
-6.601897E-2	1.938277E-3
-6.506022E-2	1.910309E-3
-6.403084E-2	1.882211E-3
-6.308142E-2	1.853219E-3
-6.207473E-2	1.828246E-3
-6.108499E-2	1.805246E-3
-6.006803E-2	1.784140E-3
-5.908355E-2	1.763993E-3
-5.805683E-2	1.745311E-3
-5.709979E-2	1.725564E-3
-5.610632E-2	1.708034E-3
-5.510636E-2	1.694233E-3
-5.410437E-2	1.680940E-3
-5.313823E-2	1.669681E-3
-5.218288E-2	1.660453E-3
-5.115936E-2	1.651177E-3
-5.020127E-2	1.645646E-3
-4.919833E-2	1.645537E-3
-4.820451E-2	1.642335E-3
-4.718199E-2	1.635207E-3
-4.618225E-2	1.633420E-3
-4.519558E-2	1.634823E-3
-4.419343E-2	1.638490E-3
-4.320373E-2	1.641805E-3
-4.220884E-2	1.643263E-3
-4.123168E-2	1.650170E-3
-4.021272E-2	1.654069E-3
-3.920672E-2	1.661702E-3
-3.822671E-2	1.667334E-3
-3.722712E-2	1.675614E-3
-3.621612E-2	1.683795E-3
-3.522580E-2	1.697080E-3
-3.426052E-2	1.713301E-3
-3.325164E-2	1.732232E-3
-3.231237E-2	1.749261E-3
-3.131751E-2	1.766935E-3
-3.031232E-2	1.785738E-3
-2.930433E-2	1.806569E-3
-2.831840E-2	1.828139E-3
-2.732327E-2	1.850950E-3
-2.633556E-2	1.874156E-3
-2.534664E-2	1.895059E-3
-2.434967E-2	1.919500E-3
-2.335724E-2	1.944815E-3
-2.232052E-2	1.967147E-3
-2.133215E-2	1.990395E-3
-2.033317E-2	2.014378E-3
-1.933154E-2	2.039783E-3
-1.832445E-2	2.070737E-3
-1.738444E-2	2.101986E-3
-1.640466E-2	2.133726E-3
-1.536860E-2	2.173364E-3
-1.437861E-2	2.207830E-3
-1.342832E-2	2.240303E-3
-1.241004E-2	2.273024E-3
-1.141578E-2	2.303149E-3
-1.042224E-2	2.334953E-3
-9.455729E-3	2.368504E-3
-8.427921E-3	2.407536E-3
-7.476535E-3	2.447070E-3
-6.486259E-3	2.487834E-3
-5.476972E-3	2.533160E-3
-4.498590E-3	2.571976E-3
-3.477535E-3	2.610199E-3
-2.493101E-3	2.656178E-3
-1.454296E-3	2.701768E-3
-4.883542E-4	2.737694E-3
4.795628E-4	2.772703E-3
1.455675E-3	2.809486E-3
2.423046E-3	2.850480E-3
3.426015E-3	2.891030E-3
4.422987E-3	2.934640E-3
5.406987E-3	2.976162E-3
6.371976E-3	3.021427E-3
7.382566E-3	3.067277E-3
8.378922E-3	3.109553E-3
9.396152E-3	3.151309E-3
1.035660E-2	3.192987E-3
1.139394E-2	3.244695E-3
1.236222E-2	3.294460E-3
1.337323E-2	3.339151E-3
1.433642E-2	3.379377E-3
1.535609E-2	3.418155E-3
1.634022E-2	3.460213E-3
1.732953E-2	3.498365E-3
1.831599E-2	3.539640E-3
1.933789E-2	3.584712E-3
2.032592E-2	3.635622E-3
2.133676E-2	3.682415E-3
2.235511E-2	3.723307E-3
2.333001E-2	3.771109E-3
2.432480E-2	3.818506E-3
2.531028E-2	3.856340E-3
2.631794E-2	3.901921E-3
2.727849E-2	3.957981E-3
2.827577E-2	4.014869E-3
2.926015E-2	4.056495E-3
3.023692E-2	4.104279E-3
3.127058E-2	4.158852E-3
3.223469E-2	4.221489E-3
3.325803E-2	4.242038E-3
3.424786E-2	4.280120E-3
3.520183E-2	4.325217E-3
3.620910E-2	4.372853E-3
3.719498E-2	4.425896E-3
3.822999E-2	4.469559E-3
3.925086E-2	4.534173E-3
4.022081E-2	4.580886E-3
4.120716E-2	4.660447E-3
4.218843E-2	4.708919E-3
4.323156E-2	4.752634E-3
4.417586E-2	4.786316E-3
4.520182E-2	4.818729E-3
4.622112E-2	4.842043E-3
4.718985E-2	4.863751E-3
4.814824E-2	4.921795E-3
4.914304E-2	4.965546E-3
5.015854E-2	5.009370E-3
5.111639E-2	5.048467E-3
5.212847E-2	5.093812E-3
5.312291E-2	5.133093E-3
5.413574E-2	5.181708E-3
5.514424E-2	5.224110E-3
5.609942E-2	5.285426E-3
5.709181E-2	5.332110E-3
5.812863E-2	5.365155E-3
5.909783E-2	5.398366E-3
6.011639E-2	5.434382E-3
6.111475E-2	5.477794E-3
6.205761E-2	5.508385E-3
6.309046E-2	5.538757E-3
6.404614E-2	5.583733E-3
6.508777E-2	5.622770E-3
6.604834E-2	5.661116E-3
6.709342E-2	5.715143E-3
6.808542E-2	5.746691E-3
6.903804E-2	5.768299E-3
7.001474E-2	5.814724E-3
7.097244E-2	5.868896E-3
7.198396E-2	5.936428E-3
7.297369E-2	5.996138E-3
7.396514E-2	6.040661E-3
7.499261E-2	6.079299E-3
7.597962E-2	6.118515E-3
7.697437E-2	6.155920E-3
7.799051E-2	6.217849E-3
7.898745E-2	6.254341E-3
7.994971E-2	6.297835E-3
8.094239E-2	6.348284E-3
8.192314E-2	6.391314E-3
8.293543E-2	6.419513E-3
8.390194E-2	6.414746E-3
8.491131E-2	6.416893E-3
8.594689E-2	6.413928E-3
8.691878E-2	6.413236E-3
8.791901E-2	6.454714E-3
8.891867E-2	6.488513E-3
8.991682E-2	6.547312E-3
9.091679E-2	6.592401E-3
9.189585E-2	6.628385E-3
9.286647E-2	6.654524E-3
9.385418E-2	6.687211E-3
9.485139E-2	6.679969E-3
9.586513E-2	6.726949E-3
9.685670E-2	6.803387E-3
9.782865E-2	6.856865E-3
9.880668E-2	6.910589E-3
9.982758E-2	6.942928E-3
1.008227E-1	6.963669E-3
1.018262E-1	6.984498E-3
1.028221E-1	7.020968E-3
1.038367E-1	7.011383E-3
1.048187E-1	7.018740E-3
1.058109E-1	7.065272E-3
1.068152E-1	7.110353E-3
1.077647E-1	7.154335E-3
1.087852E-1	7.225264E-3
1.097902E-1	7.278963E-3
1.107765E-1	7.314916E-3
1.117484E-1	7.406565E-3
1.127458E-1	7.481177E-3
1.137324E-1	7.544451E-3
1.147460E-1	7.593853E-3
1.157251E-1	7.645094E-3
1.167171E-1	7.706844E-3
1.176990E-1	7.757705E-3
1.186628E-1	7.811009E-3
1.197015E-1	7.850522E-3
1.206876E-1	7.830272E-3
1.216835E-1	7.806435E-3
1.226806E-1	7.819408E-3
1.236736E-1	7.801825E-3
1.246437E-1	7.827766E-3
1.256409E-1	7.868705E-3
1.266539E-1	7.894311E-3
1.276166E-1	7.973399E-3
1.286213E-1	8.006016E-3
1.295996E-1	8.030945E-3
1.306313E-1	8.075137E-3
1.315991E-1	8.117247E-3
1.325636E-1	8.144376E-3
1.335486E-1	8.208268E-3
1.345356E-1	8.254694E-3
1.355410E-1	8.305739E-3
1.365795E-1	8.352790E-3
1.375573E-1	8.390676E-3
1.385288E-1	8.413437E-3
1.395637E-1	8.436773E-3
1.405539E-1	8.472196E-3
1.415304E-1	8.496128E-3
1.425101E-1	8.535363E-3
1.434917E-1	8.576193E-3
1.444799E-1	8.585539E-3
1.454886E-1	8.620061E-3
1.464860E-1	8.632669E-3
1.474640E-1	8.647197E-3
1.485055E-1	8.629929E-3
1.494635E-1	8.639024E-3
1.504971E-1	8.642159E-3
1.515032E-1	8.643141E-3
1.524268E-1	8.609100E-3
1.534358E-1	8.611974E-3
1.544192E-1	8.648978E-3
1.554094E-1	8.657937E-3
1.564076E-1	8.677912E-3
1.573932E-1	8.698974E-3
1.583974E-1	8.753074E-3
1.593807E-1	8.823812E-3
1.603599E-1	8.894541E-3
1.613808E-1	8.929116E-3
1.623829E-1	8.906129E-3
1.633561E-1	8.928337E-3
1.643582E-1	8.985359E-3
1.653272E-1	8.990763E-3
1.663620E-1	8.999548E-3
1.673712E-1	9.018316E-3
1.683546E-1	9.089427E-3
1.693504E-1	9.183965E-3
1.703469E-1	9.279845E-3
1.713248E-1	9.362498E-3
1.723232E-1	9.426881E-3
1.732963E-1	9.462297E-3
1.742916E-1	9.464887E-3
1.753010E-1	9.477436E-3
1.762490E-1	9.499660E-3
1.772893E-1	9.458403E-3
1.782724E-1	9.475866E-3
1.792814E-1	9.453870E-3
1.802491E-1	9.455729E-3
1.812578E-1	9.440504E-3
1.822612E-1	9.402422E-3
1.832431E-1	9.340575E-3
1.841973E-1	9.383692E-3
1.851915E-1	9.368532E-3
1.862163E-1	9.405299E-3
1.871958E-1	9.441268E-3
1.881938E-1	9.305824E-3
1.892109E-1	9.280708E-3
1.901964E-1	9.256566E-3
1.911995E-1	9.256901E-3
1.922151E-1	9.246096E-3
1.932037E-1	9.217959E-3
1.941535E-1	9.175478E-3
1.951195E-1	9.106336E-3
1.961055E-1	9.115998E-3
1.971022E-1	9.145029E-3
1.981008E-1	9.112688E-3
1.991273E-1	9.131940E-3
2.001077E-1	9.145438E-3
2.011009E-1	9.164695E-3
2.020848E-1	9.252037E-3
2.031068E-1	9.388808E-3
2.040760E-1	9.411681E-3
2.050257E-1	9.397347E-3
2.060553E-1	9.506924E-3
2.070794E-1	9.564014E-3
2.080371E-1	9.619812E-3
2.090433E-1	9.651979E-3
2.100594E-1	9.683773E-3
2.110621E-1	9.666632E-3
2.120499E-1	9.690065E-3
2.130546E-1	9.745318E-3
2.140298E-1	9.716837E-3
2.149793E-1	9.747065E-3
2.160080E-1	9.750339E-3
2.169544E-1	9.700575E-3
2.180060E-1	9.674645E-3
2.189857E-1	9.733322E-3
2.199533E-1	9.791784E-3
2.209445E-1	9.862336E-3
2.219229E-1	9.920218E-3
2.229505E-1	9.947022E-3
2.239548E-1	9.971491E-3
2.249240E-1	1.004861E-2
2.259219E-1	1.009239E-2
2.269551E-1	9.995677E-3
2.279344E-1	9.971152E-3
2.289039E-1	1.000262E-2
2.298895E-1	9.971722E-3
2.308743E-1	1.000563E-2
2.319005E-1	1.006990E-2
2.328676E-1	1.012318E-2
2.338510E-1	1.015732E-2
2.348522E-1	1.020240E-2
2.358588E-1	1.019311E-2
2.368304E-1	1.009520E-2
2.378167E-1	1.004496E-2
2.388485E-1	1.003696E-2
2.398183E-1	1.001106E-2
2.407851E-1	1.002178E-2
2.417874E-1	1.009370E-2
2.427801E-1	1.012620E-2
2.438092E-1	1.015406E-2
2.447734E-1	1.018493E-2
2.457968E-1	1.023826E-2
2.467851E-1	1.021938E-2
2.477831E-1	1.019121E-2
2.487778E-1	1.014228E-2
2.497505E-1	1.018587E-2
2.507151E-1	1.016179E-2
2.517192E-1	1.010860E-2
2.527442E-1	1.012531E-2
2.537529E-1	1.016538E-2
2.547559E-1	1.026858E-2
2.557083E-1	1.035417E-2
2.566801E-1	1.050685E-2
2.576942E-1	1.056853E-2
2.586857E-1	1.056591E-2
2.596814E-1	1.050821E-2
2.606665E-1	1.040164E-2
2.617265E-1	1.033478E-2
2.626611E-1	1.025626E-2
2.636679E-1	1.015895E-2
2.646539E-1	1.014100E-2
2.656549E-1	1.009535E-2
2.666427E-1	1.005144E-2
2.676440E-1	1.010979E-2
2.686136E-1	1.014929E-2
2.696179E-1	1.021710E-2
2.706283E-1	1.030342E-2
2.716334E-1	1.034419E-2
2.726204E-1	1.034699E-2
2.736338E-1	1.037250E-2
2.746024E-1	1.038848E-2
2.755932E-1	1.048338E-2
2.765937E-1	1.054368E-2
2.775278E-1	1.058677E-2
2.785530E-1	1.049213E-2
2.795435E-1	1.041123E-2
2.805427E-1	1.039821E-2
2.815186E-1	1.032322E-2
2.825527E-1	1.025357E-2
2.835280E-1	1.014269E-2
2.845365E-1	1.010698E-2
2.855349E-1	1.008426E-2
2.865301E-1	1.006209E-2
2.874896E-1	1.007410E-2
2.884781E-1	1.012465E-2
2.895067E-1	1.016388E-2
2.905063E-1	1.012353E-2
2.914859E-1	1.016653E-2
2.925077E-1	1.028247E-2
2.935066E-1	1.042871E-2
2.944918E-1	1.055314E-2
2.954722E-1	1.067465E-2
2.964844E-1	1.073928E-2
2.974543E-1	1.078289E-2
2.984119E-1	1.089333E-2
2.993950E-1	1.090545E-2
3.004384E-1	1.088861E-2
3.014225E-1	1.095578E-2
3.024039E-1	1.099350E-2
3.033524E-1	1.102183E-2
3.043676E-1	1.106989E-2
3.053433E-1	1.116143E-2
3.063659E-1	1.112909E-2
3.073627E-1	1.115493E-2
3.083844E-1	1.110461E-2
3.093813E-1	1.116434E-2
3.103574E-1	1.117507E-2
3.113664E-1	1.124631E-2
3.123491E-1	1.130777E-2
3.132950E-1	1.130761E-2
3.143210E-1	1.138277E-2
3.153072E-1	1.144506E-2
3.162751E-1	1.146367E-2
3.172823E-1	1.152782E-2
3.182537E-1	1.154998E-2
3.192729E-1	1.152702E-2
3.202658E-1	1.164705E-2
3.212498E-1	1.169445E-2
3.222458E-1	1.170537E-2
3.231936E-1	1.166844E-2
3.242299E-1	1.172854E-2
3.252322E-1	1.179663E-2
3.261821E-1	1.172766E-2
3.271925E-1	1.174487E-2
3.282258E-1	1.182646E-2
3.292160E-1	1.194776E-2
3.301883E-1	1.206179E-2
3.312143E-1	1.222724E-2
3.321669E-1	1.234870E-2
3.331475E-1	1.245174E-2
3.341640E-1	1.251527E-2
3.351355E-1	1.264512E-2
3.361655E-1	1.270722E-2
3.371671E-1	1.266059E-2
3.381213E-1	1.270131E-2
3.391325E-1	1.276002E-2
3.401089E-1	1.288140E-2
3.411118E-1	1.297146E-2
3.420892E-1	1.294381E-2
3.431095E-1	1.299385E-2
3.440801E-1	1.307983E-2
3.450876E-1	1.316606E-2
3.460735E-1	1.326705E-2
3.470494E-1	1.334497E-2
3.480744E-1	1.348699E-2
3.490457E-1	1.354417E-2
3.500695E-1	1.351439E-2
3.510607E-1	1.345689E-2
3.520489E-1	1.346608E-2
3.530084E-1	1.359110E-2
3.540209E-1	1.365763E-2
3.549919E-1	1.359150E-2
3.560280E-1	1.372472E-2
3.570217E-1	1.387993E-2
3.579723E-1	1.402126E-2
3.589873E-1	1.420352E-2
3.599608E-1	1.433152E-2
3.609244E-1	1.445277E-2
3.619302E-1	1.450857E-2
3.629639E-1	1.461704E-2
3.639421E-1	1.468589E-2
3.648945E-1	1.493462E-2
3.658780E-1	1.515585E-2
3.668794E-1	1.544532E-2
3.679296E-1	1.559199E-2
3.689135E-1	1.583252E-2
3.698700E-1	1.612776E-2
3.708759E-1	1.630421E-2
3.719075E-1	1.648712E-2
3.728528E-1	1.652865E-2
3.738885E-1	1.670231E-2
3.748500E-1	1.688272E-2
3.758321E-1	1.716688E-2
3.768333E-1	1.731975E-2
3.778062E-1	1.739799E-2
3.787958E-1	1.760301E-2
3.797843E-1	1.780195E-2
3.807566E-1	1.791938E-2
3.817942E-1	1.811360E-2
3.827858E-1	1.844081E-2
3.837445E-1	1.877901E-2
3.847491E-1	1.896817E-2
3.857779E-1	1.919940E-2
3.867368E-1	1.951176E-2
3.877508E-1	1.991877E-2
3.887101E-1	2.033215E-2
3.897209E-1	2.065478E-2
3.906668E-1	2.090972E-2
3.916954E-1	2.140528E-2
3.926712E-1	2.191429E-2
3.936855E-1	2.234660E-2
3.947319E-1	2.282286E-2
3.956885E-1	2.299739E-2
3.966876E-1	2.336252E-2
3.976849E-1	2.378191E-2
3.986704E-1	2.418732E-2
3.996712E-1	2.477339E-2
4.005988E-1	2.524379E-2
4.016201E-1	2.554211E-2
4.026150E-1	2.586390E-2
4.035617E-1	2.663042E-2
4.045927E-1	2.695333E-2
4.055765E-1	2.716469E-2
4.065640E-1	2.790053E-2
4.075490E-1	2.856190E-2
4.085207E-1	2.917959E-2
4.095615E-1	2.991514E-2
4.105086E-1	3.044486E-2
4.115063E-1	3.056927E-2
4.124970E-1	3.102391E-2
4.134862E-1	3.143550E-2
4.144849E-1	3.199614E-2
4.154574E-1	3.276197E-2
4.164832E-1	3.345276E-2
4.174628E-1	3.413722E-2
4.184720E-1	3.472956E-2
4.194557E-1	3.522410E-2
4.204321E-1	3.586546E-2
4.214558E-1	3.673402E-2
4.224097E-1	3.758264E-2
4.233843E-1	3.837096E-2
4.244211E-1	3.906050E-2
4.253890E-1	3.959434E-2
4.263380E-1	4.034486E-2
4.273611E-1	4.074141E-2
4.283422E-1	4.146510E-2
4.293509E-1	4.205433E-2
4.303518E-1	4.267558E-2
4.313130E-1	4.329254E-2
4.323207E-1	4.392579E-2
4.333253E-1	4.447573E-2
4.343288E-1	4.517268E-2
4.353087E-1	4.559394E-2
4.362775E-1	4.633858E-2
4.372667E-1	4.722343E-2
4.382642E-1	4.813881E-2
4.392799E-1	4.912213E-2
4.402480E-1	5.007545E-2
4.412083E-1	5.097713E-2
4.422118E-1	5.172944E-2
4.431775E-1	5.234725E-2
4.442000E-1	5.305238E-2
4.451797E-1	5.365862E-2
4.461239E-1	5.420158E-2
4.471407E-1	5.491760E-2
4.481351E-1	5.596572E-2
4.491191E-1	5.660543E-2
4.500918E-1	5.745988E-2
4.510677E-1	5.819576E-2
4.521134E-1	5.893689E-2
4.530713E-1	6.000114E-2
4.540653E-1	6.085164E-2
4.550387E-1	6.177760E-2
4.560400E-1	6.242500E-2
4.570389E-1	6.339251E-2
4.580117E-1	6.433665E-2
4.589693E-1	6.500511E-2
4.599828E-1	6.579817E-2
4.609747E-1	6.662029E-2
4.619446E-1	6.756098E-2
4.628925E-1	6.866035E-2
4.638829E-1	6.962854E-2
4.648717E-1	7.051470E-2
4.658994E-1	7.149102E-2
4.668794E-1	7.252255E-2
4.679075E-1	7.337069E-2
4.688598E-1	7.408236E-2
4.698787E-1	7.491915E-2
4.708721E-1	7.592010E-2
4.718475E-1	7.699852E-2
4.728235E-1	7.795498E-2
4.737937E-1	7.894117E-2
4.747875E-1	7.978591E-2
4.757867E-1	8.055014E-2
4.767598E-1	8.140790E-2
4.777919E-1	8.227954E-2
4.787820E-1	8.337911E-2
4.797293E-1	8.418687E-2
4.807783E-1	8.501049E-2
4.816958E-1	8.569413E-2
4.826802E-1	8.662026E-2
4.836646E-1	8.747891E-2
4.846396E-1	8.829436E-2
4.855982E-1	8.891954E-2
4.865973E-1	8.960597E-2
4.875957E-1	9.048938E-2
4.886332E-1	9.135644E-2
4.896154E-1	9.245522E-2
4.906072E-1	9.342975E-2
4.916130E-1	9.411355E-2
4.925656E-1	9.504922E-2
4.935198E-1	9.613250E-2
4.945608E-1	9.711390E-2
4.955604E-1	9.802258E-2
4.965158E-1	9.912896E-2
4.975095E-1	1.003669E-1
4.984952E-1	1.013842E-1
4.994847E-1	1.023852E-1
5.005204E-1	1.033722E-1
5.014886E-1	1.040725E-1
5.024654E-1	1.049686E-1
5.034570E-1	1.057954E-1
5.044271E-1	1.069040E-1
5.054151E-1	1.077501E-1
5.064083E-1	1.081602E-1
5.074128E-1	1.089716E-1
5.084237E-1	1.101147E-1
5.093609E-1	1.111242E-1
5.103707E-1	1.120171E-1
5.113700E-1	1.129253E-1
5.123421E-1	1.140417E-1
5.133290E-1	1.153638E-1
5.143354E-1	1.164878E-1
5.153120E-1	1.175062E-1
5.162666E-1	1.182343E-1
5.172688E-1	1.188593E-1
5.182612E-1	1.198402E-1
5.192583E-1	1.208832E-1
5.202482E-1	1.221122E-1
5.212738E-1	1.229666E-1
5.222430E-1	1.239582E-1
5.232462E-1	1.247925E-1
5.241776E-1	1.256521E-1
5.253078E-1	1.266947E-1
5.247920E-1	1.273390E-1
5.238355E-1	1.280167E-1
5.228447E-1	1.288022E-1
5.218417E-1	1.292627E-1
5.208206E-1	1.298199E-1
5.198218E-1	1.301528E-1
5.187794E-1	1.306967E-1
5.177828E-1	1.312451E-1
5.167800E-1	1.319632E-1
5.157685E-1	1.324536E-1
5.147286E-1	1.327911E-1
5.136971E-1	1.330323E-1
5.127555E-1	1.332722E-1
5.117439E-1	1.334972E-1
5.107325E-1	1.337587E-1
5.096830E-1	1.339674E-1
5.086957E-1	1.343938E-1
5.076486E-1	1.348310E-1
5.066708E-1	1.353993E-1
5.056434E-1	1.355717E-1
5.046186E-1	1.359384E-1
5.036348E-1	1.361987E-1
5.026173E-1	1.366254E-1
5.016649E-1	1.369469E-1
5.006536E-1	1.370263E-1
4.996142E-1	1.372172E-1
4.986227E-1	1.374383E-1
4.975800E-1	1.378545E-1
4.965965E-1	1.384024E-1
4.956145E-1	1.387786E-1
4.945696E-1	1.391933E-1
4.935494E-1	1.392861E-1
4.925849E-1	1.395575E-1
4.915893E-1	1.397453E-1
4.905467E-1	1.401339E-1
4.895452E-1	1.403493E-1
4.885543E-1	1.403400E-1
4.875283E-1	1.404343E-1
4.864932E-1	1.405269E-1
4.855103E-1	1.406933E-1
4.845078E-1	1.410987E-1
4.834937E-1	1.413455E-1
4.824988E-1	1.414186E-1
4.814941E-1	1.416373E-1
4.805161E-1	1.418104E-1
4.795363E-1	1.419183E-1
4.784792E-1	1.418938E-1
4.775275E-1	1.421771E-1
4.764768E-1	1.423301E-1
4.754841E-1	1.424393E-1
4.744806E-1	1.426983E-1
4.734282E-1	1.429493E-1
4.724747E-1	1.432804E-1
4.714606E-1	1.434300E-1
4.704660E-1	1.435387E-1
4.694263E-1	1.436401E-1
4.684244E-1	1.437939E-1
4.674531E-1	1.438167E-1
4.664202E-1	1.437391E-1
4.654283E-1	1.437371E-1
4.643952E-1	1.437182E-1
4.634065E-1	1.435913E-1
4.624079E-1	1.433985E-1
4.614223E-1	1.429425E-1
4.604156E-1	1.427461E-1
4.594230E-1	1.426873E-1
4.584196E-1	1.426270E-1
4.574055E-1	1.425760E-1
4.564234E-1	1.423809E-1
4.553961E-1	1.423780E-1
4.543763E-1	1.423406E-1
4.534070E-1	1.422989E-1
4.524027E-1	1.423480E-1
4.513962E-1	1.423199E-1
4.503877E-1	1.421095E-1
4.493457E-1	1.418171E-1
4.483470E-1	1.415521E-1
4.473498E-1	1.412483E-1
4.463311E-1	1.410125E-1
4.453702E-1	1.409982E-1
4.443638E-1	1.407300E-1
4.433602E-1	1.401316E-1
4.423504E-1	1.396484E-1
4.413346E-1	1.392162E-1
4.403770E-1	1.389138E-1
4.393267E-1	1.385379E-1
4.383641E-1	1.379247E-1
4.373601E-1	1.373217E-1
4.363215E-1	1.369190E-1
4.353618E-1	1.365475E-1
4.343573E-1	1.362855E-1
4.333448E-1	1.358259E-1
4.323138E-1	1.352959E-1
4.313196E-1	1.348692E-1
4.303037E-1	1.342333E-1
4.293098E-1	1.339404E-1
4.282844E-1	1.341316E-1
4.272797E-1	1.339966E-1
4.263106E-1	1.337549E-1
4.253158E-1	1.335492E-1
4.242809E-1	1.334317E-1
4.233291E-1	1.333636E-1
4.223132E-1	1.332894E-1
4.212991E-1	1.331612E-1
4.202972E-1	1.331531E-1
4.192808E-1	1.332656E-1
4.182865E-1	1.331060E-1
4.172620E-1	1.327989E-1
4.162915E-1	1.324617E-1
4.152938E-1	1.322676E-1
4.142870E-1	1.321242E-1
4.132446E-1	1.320496E-1
4.122322E-1	1.320068E-1
4.112432E-1	1.319509E-1
4.102623E-1	1.320844E-1
4.092521E-1	1.318579E-1
4.082590E-1	1.317484E-1
4.072455E-1	1.312164E-1
4.062329E-1	1.308121E-1
4.052236E-1	1.304742E-1
4.042529E-1	1.301014E-1
4.032387E-1	1.299942E-1
4.021926E-1	1.297041E-1
4.012095E-1	1.292880E-1
4.002330E-1	1.287761E-1
3.992329E-1	1.285715E-1
3.982517E-1	1.282360E-1
3.972322E-1	1.280122E-1
3.962282E-1	1.276529E-1
3.952071E-1	1.272887E-1
3.942462E-1	1.270352E-1
3.932062E-1	1.268399E-1
3.922541E-1	1.265670E-1
3.912004E-1	1.263903E-1
3.902314E-1	1.261329E-1
3.892237E-1	1.257613E-1
3.882362E-1	1.255190E-1
3.872417E-1	1.251722E-1
3.862281E-1	1.246790E-1
3.851973E-1	1.242707E-1
3.842161E-1	1.238000E-1
3.832139E-1	1.232488E-1
3.821992E-1	1.228378E-1
3.811605E-1	1.224139E-1
3.801902E-1	1.219595E-1
3.792219E-1	1.214162E-1
3.781896E-1	1.209334E-1
3.771908E-1	1.204084E-1
3.762172E-1	1.198844E-1
3.752227E-1	1.194478E-1
3.742292E-1	1.188307E-1
3.732180E-1	1.183770E-1
3.722474E-1	1.178622E-1
3.712161E-1	1.173227E-1
3.702039E-1	1.169039E-1
3.692304E-1	1.164292E-1
3.682045E-1	1.160824E-1
3.671786E-1	1.156258E-1
3.661933E-1	1.152475E-1
3.651987E-1	1.148068E-1
3.641857E-1	1.143246E-1
3.631761E-1	1.138429E-1
3.621689E-1	1.134060E-1
3.612335E-1	1.129937E-1
3.601730E-1	1.126842E-1
3.591765E-1	1.123631E-1
3.582357E-1	1.121437E-1
3.572327E-1	1.117823E-1
3.561941E-1	1.114351E-1
3.551777E-1	1.112030E-1
3.542000E-1	1.108897E-1
3.532308E-1	1.105808E-1
3.522090E-1	1.103444E-1
3.512540E-1	1.101422E-1
3.502402E-1	1.098200E-1
3.492141E-1	1.096060E-1
3.482105E-1	1.094404E-1
3.471905E-1	1.092673E-1
3.461842E-1	1.091455E-1
3.452077E-1	1.089099E-1
3.442161E-1	1.087021E-1
3.432180E-1	1.084413E-1
3.421899E-1	1.082059E-1
3.412322E-1	1.079383E-1
3.401799E-1	1.076103E-1
3.392189E-1	1.073316E-1
3.382259E-1	1.070430E-1
3.372097E-1	1.069560E-1
3.361883E-1	1.067998E-1
3.351969E-1	1.065115E-1
3.341760E-1	1.062708E-1
3.332079E-1	1.060303E-1
3.322278E-1	1.058467E-1
3.311900E-1	1.056565E-1
3.302220E-1	1.054682E-1
3.292094E-1	1.053950E-1
3.281983E-1	1.051679E-1
3.272019E-1	1.047312E-1
3.261470E-1	1.043303E-1
3.252005E-1	1.038866E-1
3.241760E-1	1.035408E-1
3.231476E-1	1.033001E-1
3.221854E-1	1.030470E-1
3.212009E-1	1.026770E-1
3.201495E-1	1.022903E-1
3.191524E-1	1.017546E-1
3.181737E-1	1.012496E-1
3.171683E-1	1.008667E-1
3.162141E-1	1.003941E-1
3.151769E-1	9.999598E-2
3.141700E-1	9.967950E-2
3.131610E-1	9.927333E-2
3.121749E-1	9.885974E-2
3.111825E-1	9.842167E-2
3.101848E-1	9.803867E-2
3.092063E-1	9.767812E-2
3.082134E-1	9.727139E-2
3.072129E-1	9.682122E-2
3.061693E-1	9.636108E-2
3.052030E-1	9.602277E-2
3.041636E-1	9.597157E-2
3.031672E-1	9.557996E-2
3.021746E-1	9.521323E-2
3.012155E-1	9.500704E-2
3.001863E-1	9.480253E-2
2.992068E-1	9.453395E-2
2.981814E-1	9.419641E-2
2.971934E-1	9.382986E-2
2.962080E-1	9.345837E-2
2.952472E-1	9.311154E-2
2.942263E-1	9.280050E-2
2.932334E-1	9.240557E-2
2.921853E-1	9.190376E-2
2.912124E-1	9.140746E-2
2.902247E-1	9.098839E-2
2.892212E-1	9.058968E-2
2.882084E-1	9.012191E-2
2.872118E-1	8.960547E-2
2.862232E-1	8.917844E-2
2.851849E-1	8.873939E-2
2.842037E-1	8.837660E-2
2.832222E-1	8.799491E-2
2.822216E-1	8.760130E-2
2.812071E-1	8.728004E-2
2.802038E-1	8.700150E-2
2.791693E-1	8.658887E-2
2.781967E-1	8.615302E-2
2.771945E-1	8.580031E-2
2.762208E-1	8.547849E-2
2.752598E-1	8.512539E-2
2.742689E-1	8.474723E-2
2.732531E-1	8.432266E-2
2.722167E-1	8.388493E-2
2.712165E-1	8.335345E-2
2.702347E-1	8.299391E-2
2.692053E-1	8.266468E-2
2.681916E-1	8.231298E-2
2.672094E-1	8.183423E-2
2.661907E-1	8.133499E-2
2.652104E-1	8.062752E-2
2.642109E-1	7.991265E-2
2.632487E-1	7.957897E-2
2.622298E-1	7.924212E-2
2.612241E-1	7.891383E-2
2.602347E-1	7.855434E-2
2.591968E-1	7.825696E-2
2.582028E-1	7.801753E-2
2.572240E-1	7.779248E-2
2.562292E-1	7.751261E-2
2.552088E-1	7.727969E-2
2.542047E-1	7.709209E-2
2.531952E-1	7.686004E-2
2.521935E-1	7.662424E-2
2.511820E-1	7.634652E-2
2.502191E-1	7.604758E-2
2.492526E-1	7.581327E-2
2.482399E-1	7.554788E-2
2.472368E-1	7.531955E-2
2.462262E-1	7.515209E-2
2.452031E-1	7.491150E-2
2.441799E-1	7.465301E-2
2.432159E-1	7.442023E-2
2.421798E-1	7.419974E-2
2.411736E-1	7.380478E-2
2.402199E-1	7.340912E-2
2.391831E-1	7.309428E-2
2.381903E-1	7.278769E-2
2.372000E-1	7.241461E-2
2.361986E-1	7.209389E-2
2.352293E-1	7.178947E-2
2.342089E-1	7.160424E-2
2.332014E-1	7.137975E-2
2.322395E-1	7.113799E-2
2.312418E-1	7.094235E-2
2.301987E-1	7.073627E-2
2.292042E-1	7.048286E-2
2.282412E-1	7.025900E-2
2.272384E-1	7.010426E-2
2.262593E-1	6.988794E-2
2.252250E-1	6.964398E-2
2.242109E-1	6.939195E-2
2.232430E-1	6.918909E-2
2.221974E-1	6.889310E-2
2.211972E-1	6.863909E-2
2.202045E-1	6.835984E-2
2.191903E-1	6.807654E-2
2.181972E-1	6.781167E-2
2.172347E-1	6.752399E-2
2.162216E-1	6.722251E-2
2.152196E-1	6.696153E-2
2.142324E-1	6.673285E-2
2.132719E-1	6.642691E-2
2.122823E-1	6.613866E-2
2.112397E-1	6.587578E-2
2.102365E-1	6.562519E-2
2.092403E-1	6.537464E-2
2.082504E-1	6.515583E-2
2.072431E-1	6.495902E-2
2.062516E-1	6.475679E-2
2.052365E-1	6.459914E-2
2.042361E-1	6.445431E-2
2.032207E-1	6.426103E-2
2.022192E-1	6.405858E-2
2.012177E-1	6.374709E-2
2.002072E-1	6.348410E-2
1.992198E-1	6.319905E-2
1.982072E-1	6.292424E-2
1.971977E-1	6.270833E-2
1.962281E-1	6.247322E-2
1.951862E-1	6.220382E-2
1.942078E-1	6.197532E-2
1.932586E-1	6.174502E-2
1.922534E-1	6.149987E-2
1.912350E-1	6.125596E-2
1.902361E-1	6.100218E-2
1.892640E-1	6.072225E-2
1.882459E-1	6.045692E-2
1.872484E-1	6.013862E-2
1.862575E-1	5.987269E-2
1.852484E-1	5.958334E-2
1.842519E-1	5.929833E-2
1.832348E-1	5.909732E-2
1.822455E-1	5.880418E-2
1.812671E-1	5.858302E-2
1.802729E-1	5.829537E-2
1.792576E-1	5.798632E-2
1.782586E-1	5.774565E-2
1.772242E-1	5.750164E-2
1.762071E-1	5.726873E-2
1.752184E-1	5.700288E-2
1.742339E-1	5.672216E-2
1.732603E-1	5.647175E-2
1.722551E-1	5.618207E-2
1.712712E-1	5.585431E-2
1.702750E-1	5.550131E-2
1.692542E-1	5.505271E-2
1.682619E-1	5.447712E-2
1.672156E-1	5.413931E-2
1.662679E-1	5.385017E-2
1.652696E-1	5.358999E-2
1.642199E-1	5.328291E-2
1.632324E-1	5.300747E-2
1.622825E-1	5.275701E-2
1.612596E-1	5.253480E-2
1.602703E-1	5.232097E-2
1.592412E-1	5.211030E-2
1.582699E-1	5.187011E-2
1.572165E-1	5.160026E-2
1.562370E-1	5.136348E-2
1.552444E-1	5.110194E-2
1.542007E-1	5.084375E-2
1.532509E-1	5.058402E-2
1.522511E-1	5.029547E-2
1.512624E-1	5.004382E-2
1.502747E-1	4.978090E-2
1.492993E-1	4.953832E-2
1.482895E-1	4.932705E-2
1.472524E-1	4.914971E-2
1.462697E-1	4.894140E-2
1.452567E-1	4.874680E-2
1.442768E-1	4.855336E-2
1.432772E-1	4.833661E-2
1.422478E-1	4.814370E-2
1.412704E-1	4.792576E-2
1.402865E-1	4.771638E-2
1.392709E-1	4.755243E-2
1.382552E-1	4.735424E-2
1.372491E-1	4.716286E-2
1.362761E-1	4.703109E-2
1.352347E-1	4.681502E-2
1.342424E-1	4.661286E-2
1.332581E-1	4.635754E-2
1.322568E-1	4.609717E-2
1.312662E-1	4.586637E-2
1.302722E-1	4.564716E-2
1.292630E-1	4.538195E-2
1.282583E-1	4.505165E-2
1.272836E-1	4.475290E-2
1.263101E-1	4.447649E-2
1.253123E-1	4.423178E-2
1.243236E-1	4.398162E-2
1.232740E-1	4.372591E-2
1.222960E-1	4.347679E-2
1.213055E-1	4.321890E-2
1.202490E-1	4.292095E-2
1.192522E-1	4.260767E-2
1.182744E-1	4.233253E-2
1.172410E-1	4.205791E-2
1.162825E-1	4.178398E-2
1.152574E-1	4.148655E-2
1.142927E-1	4.120549E-2
1.132962E-1	4.091033E-2
1.122693E-1	4.063480E-2
1.112767E-1	4.033879E-2
1.102942E-1	4.001559E-2
1.092864E-1	3.969137E-2
1.083184E-1	3.937425E-2
1.072840E-1	3.902389E-2
1.063269E-1	3.862667E-2
1.053117E-1	3.818657E-2
1.043211E-1	3.779066E-2
1.033420E-1	3.738307E-2
1.023010E-1	3.708464E-2
1.013190E-1	3.680273E-2
1.003273E-1	3.645913E-2
9.930077E-2	3.612537E-2
9.828942E-2	3.577228E-2
9.731388E-2	3.538726E-2
9.627396E-2	3.501872E-2
9.532669E-2	3.465451E-2
9.433343E-2	3.427747E-2
9.333178E-2	3.388081E-2
9.233838E-2	3.346883E-2
9.132398E-2	3.305767E-2
9.029900E-2	3.271927E-2
8.931073E-2	3.240297E-2
8.832543E-2	3.207346E-2
8.731943E-2	3.172797E-2
8.630733E-2	3.136810E-2
8.532762E-2	3.102250E-2
8.428454E-2	3.067408E-2
8.328213E-2	3.033210E-2
8.232265E-2	3.000162E-2
8.128788E-2	2.966459E-2
8.028935E-2	2.932800E-2
7.929429E-2	2.904919E-2
7.833985E-2	2.870289E-2
7.731047E-2	2.836094E-2
7.634649E-2	2.799868E-2
7.529792E-2	2.763834E-2
7.433079E-2	2.724750E-2
7.334344E-2	2.685975E-2
7.231140E-2	2.646002E-2
7.130913E-2	2.611862E-2
7.032483E-2	2.580612E-2
6.933861E-2	2.544293E-2
6.838280E-2	2.506235E-2
6.739306E-2	2.472793E-2
6.638188E-2	2.435240E-2
6.537853E-2	2.400085E-2
6.438166E-2	2.363712E-2
6.337547E-2	2.327461E-2
6.234699E-2	2.289695E-2
6.137258E-2	2.250479E-2
6.034793E-2	2.215369E-2
5.934856E-2	2.184835E-2
5.839234E-2	2.149919E-2
5.736407E-2	2.112667E-2
5.638639E-2	2.080692E-2
5.538990E-2	2.051352E-2
5.435611E-2	2.021274E-2
5.336771E-2	1.989806E-2
5.236526E-2	1.955805E-2
5.136894E-2	1.925548E-2
5.035517E-2	1.897723E-2
4.936551E-2	1.870431E-2
4.840588E-2	1.842667E-2
4.741309E-2	1.813567E-2
4.641948E-2	1.783499E-2
4.540340E-2	1.753421E-2
4.438742E-2	1.720235E-2
4.343289E-2	1.689257E-2
4.243666E-2	1.663667E-2
4.139943E-2	1.636013E-2
4.042902E-2	1.609341E-2
3.939167E-2	1.580203E-2
3.838642E-2	1.552932E-2
3.740767E-2	1.525909E-2
3.641497E-2	1.497103E-2
3.536111E-2	1.466619E-2
3.440625E-2	1.432776E-2
3.340656E-2	1.394516E-2
3.239627E-2	1.361147E-2
3.141711E-2	1.331173E-2
3.038853E-2	1.300295E-2
2.942758E-2	1.268197E-2
2.839447E-2	1.237051E-2
2.744153E-2	1.202409E-2
2.644642E-2	1.170502E-2
2.545622E-2	1.148350E-2
2.439777E-2	1.106119E-2
2.336446E-2	1.074808E-2
2.241234E-2	1.046154E-2
2.141022E-2	1.016235E-2
2.038356E-2	9.817843E-3
1.940690E-2	9.534169E-3
1.841112E-2	9.234684E-3
1.741070E-2	8.945217E-3
1.636179E-2	8.629864E-3
1.540164E-2	8.350017E-3
1.436492E-2	8.098742E-3
1.340382E-2	7.842715E-3
1.239773E-2	7.585731E-3
1.139325E-2	7.278826E-3
1.039304E-2	7.049823E-3
9.407962E-3	6.816079E-3
8.439919E-3	6.585007E-3
7.385746E-3	6.353537E-3
6.390805E-3	6.128684E-3
5.383675E-3	5.910086E-3
4.410603E-3	5.661898E-3
3.421083E-3	5.432833E-3
2.396946E-3	5.174133E-3
1.427418E-3	4.930352E-3
4.737628E-4	4.702194E-3
-5.186427E-4	4.454383E-3
-1.520140E-3	4.269769E-3
-2.524860E-3	4.085276E-3
-3.537944E-3	3.861446E-3
-4.549388E-3	3.690836E-3
-5.602385E-3	3.560413E-3
-6.580949E-3	3.464571E-3
-7.602551E-3	3.332547E-3
-8.594564E-3	3.209159E-3
-9.593428E-3	3.083186E-3
-1.059956E-2	2.938421E-3
-1.158789E-2	2.761903E-3
-1.255420E-2	2.606019E-3
-1.356116E-2	2.470569E-3
-1.460285E-2	2.328973E-3
-1.561522E-2	2.206509E-3
-1.656434E-2	2.106409E-3
-1.759742E-2	2.007993E-3
-1.858266E-2	1.932302E-3
-1.959801E-2	1.842679E-3
-2.056009E-2	1.766150E-3
-2.155608E-2	1.697463E-3
-2.265598E-2	1.626286E-3
-2.362440E-2	1.577449E-3
-2.461735E-2	1.530181E-3
-2.562326E-2	1.471914E-3
-2.665075E-2	1.412046E-3
-2.765041E-2	1.348439E-3
-2.865316E-2	1.287208E-3
-2.962476E-2	1.220065E-3
-3.062326E-2	1.154758E-3
-3.165695E-2	1.092390E-3
-3.261276E-2	1.023213E-3
-3.359609E-2	9.540589E-4
-3.463814E-2	8.790556E-4
-3.562930E-2	8.103683E-4
-3.662866E-2	7.552783E-4
-3.762612E-2	6.938662E-4
-3.859769E-2	6.203481E-4
-3.963230E-2	5.764735E-4
-4.062634E-2	5.441720E-4
-4.163512E-2	5.035700E-4
-4.259856E-2	4.714951E-4
-4.360200E-2	4.396720E-4
-4.459815E-2	4.063986E-4
-4.562591E-2	3.759675E-4
-4.661499E-2	3.444795E-4
-4.766990E-2	3.071285E-4
-4.861903E-2	2.878551E-4
-4.968486E-2	2.799542E-4
-5.068719E-2	2.740635E-4
-5.164437E-2	2.651176E-4
-5.267575E-2	2.548568E-4
-5.361792E-2	2.509398E-4
-5.457302E-2	2.449150E-4
-5.558173E-2	2.380464E-4
-5.661058E-2	2.290651E-4
-5.762479E-2	2.198261E-5
-5.860227E-2	2.119719E-5
-5.960234E-2	2.070917E-5
-6.060647E-2	2.016219E-5
-6.165689E-2	1.951163E-5
-6.263178E-2	1.897200E-5
-6.364804E-2	1.856798E-5
-6.462407E-2	1.813435E-5
-6.563092E-2	1.770057E-5
-6.661262E-2	1.718303E-5
-6.759249E-2	1.654969E-5
-6.859989E-2	1.590913E-5
-6.961877E-2	1.516876E-5
-7.063907E-2	1.442360E-5
-7.147271E-2	1.370401E-5
-7.263461E-2	1.316498E-5
-7.363233E-2	1.293084E-5
-7.452307E-2	1.271487E-5
-7.569669E-2	1.226378E-4
-7.670460E-2	1.179742E-4
-7.768695E-2	1.118827E-4
-7.869151E-2	1.051147E-4
-7.967689E-2	9.927472E-5
-8.065575E-2	9.436453E-5
-8.169102E-2	8.926447E-5
-8.270510E-2	8.353247E-5
-8.371455E-2	7.563146E-5
-8.469926E-2	6.885482E-5
-8.571069E-2	6.120783E-5
-8.673646E-2	5.590926E-5
-8.770442E-2	5.139777E-5
-8.873800E-2	4.509847E-5
-8.971916E-2	4.146420E-5
-9.066144E-2	3.774593E-5
-9.167085E-2	3.435895E-5
-9.268183E-2	3.157916E-5
-9.371925E-2	2.885938E-5
-9.467439E-2	2.626510E-5
-9.568843E-2	2.380150E-5
-9.669605E-2	2.409342E-5
-9.770989E-2	2.581389E-5
-9.869659E-2	2.361183E-5
-9.969682E-2	2.215263E-5
-1.006609E-1	2.313282E-5
-1.016576E-1	2.503135E-5
-1.026665E-1	2.356459E-5
-1.036623E-1	2.086602E-5
-1.047008E-1	1.779280E-5
-1.057114E-1	1.471378E-5
-1.066813E-1	1.184314E-5
-1.076948E-1	9.377781E-6
-1.087395E-1	8.900400E-6
-1.097336E-1	9.391840E-6
-1.107201E-1	8.917381E-6
-1.117001E-1	8.081265E-6
-1.126884E-1	6.675152E-6
-1.137138E-1	4.523127E-6
-1.146760E-1	2.155633E-6
-1.157145E-1	-9.105085E-8
-1.166737E-1	-1.994485E-6
-1.176548E-1	-3.443310E-6
-1.186978E-1	-3.717782E-6
-1.196963E-1	-2.832560E-6
-1.206781E-1	-1.888918E-6
-1.216911E-1	-2.257492E-6
-1.227087E-1	-3.079273E-6
-1.236744E-1	-4.064091E-6
-1.246850E-1	-5.048241E-6
-1.256724E-1	-5.091599E-6
