-4.001769E-1	-2.319106E-4
-3.991962E-1	-1.994587E-4
-3.981851E-1	-1.701419E-4
-3.971539E-1	-1.441909E-4
-3.961077E-1	-1.209980E-4
-3.951310E-1	-1.002266E-4
-3.940875E-1	-8.142470E-5
-3.930678E-1	-6.467950E-5
-3.920364E-1	-4.959605E-5
-3.910395E-1	-3.611033E-5
-3.900140E-1	-2.395315E-5
-3.889736E-1	-1.282287E-5
-3.879536E-1	-2.635829E-6
-3.868996E-1	6.526971E-6
-3.858693E-1	1.503591E-5
-3.848419E-1	2.236297E-5
-3.838517E-1	2.979284E-5
-3.828663E-1	3.638560E-5
-3.818262E-1	4.297453E-5
-3.808219E-1	4.865472E-5
-3.797585E-1	5.429299E-5
-3.787316E-1	5.948476E-5
-3.776913E-1	6.485307E-5
-3.766981E-1	6.949280E-5
-3.756263E-1	7.420093E-5
-3.746412E-1	7.860469E-5
-3.736351E-1	8.282193E-5
-3.725792E-1	8.689952E-5
-3.715399E-1	9.094066E-5
-3.705131E-1	9.508709E-5
-3.694943E-1	9.925532E-5
-3.684603E-1	1.033076E-4
-3.674378E-1	1.067839E-4
-3.664244E-1	1.108032E-4
-3.654094E-1	1.142803E-4
-3.643934E-1	1.176691E-4
-3.633767E-1	1.210675E-4
-3.623202E-1	1.248588E-4
-3.612990E-1	1.280493E-4
-3.603287E-1	1.319770E-4
-3.592949E-1	1.352448E-4
-3.582583E-1	1.389666E-4
-3.572216E-1	1.424799E-4
-3.562236E-1	1.453236E-4
-3.551940E-1	1.490322E-4
-3.541524E-1	1.522219E-4
-3.531302E-1	1.554065E-4
-3.520862E-1	1.592262E-4
-3.510970E-1	1.625441E-4
-3.500305E-1	1.663169E-4
-3.489962E-1	1.697716E-4
-3.480185E-1	1.731811E-4
-3.469864E-1	1.769518E-4
-3.459457E-1	1.800077E-4
-3.449093E-1	1.836177E-4
-3.438960E-1	1.868555E-4
-3.428612E-1	1.906228E-4
-3.418648E-1	1.943537E-4
-3.408606E-1	1.977737E-4
-3.398214E-1	2.015726E-4
-3.387558E-1	2.050668E-4
-3.377868E-1	2.086709E-4
-3.367584E-1	2.122269E-4
-3.357136E-1	2.158158E-4
-3.347106E-1	2.195274E-4
-3.336333E-1	2.232148E-4
-3.326253E-1	2.269667E-4
-3.315679E-1	2.306648E-4
-3.305533E-1	2.340964E-4
-3.295643E-1	2.375161E-4
-3.284961E-1	2.412056E-4
-3.275124E-1	2.448836E-4
-3.265081E-1	2.484739E-4
-3.254515E-1	2.519036E-4
-3.244399E-1	2.556357E-4
-3.234165E-1	2.592785E-4
-3.223880E-1	2.628861E-4
-3.213581E-1	2.665386E-4
-3.203332E-1	2.700559E-4
-3.193039E-1	2.736217E-4
-3.182999E-1	2.767796E-4
-3.172839E-1	2.800863E-4
-3.162366E-1	2.834084E-4
-3.152560E-1	2.867358E-4
-3.141955E-1	2.898973E-4
-3.132019E-1	2.930871E-4
-3.121570E-1	2.964220E-4
-3.111200E-1	2.995747E-4
-3.100901E-1	3.023391E-4
-3.090597E-1	3.053036E-4
-3.080446E-1	3.082998E-4
-3.069976E-1	3.110904E-4
-3.060041E-1	3.138382E-4
-3.050020E-1	3.166080E-4
-3.039395E-1	3.192239E-4
-3.029204E-1	3.219967E-4
-3.018630E-1	3.245239E-4
-3.008940E-1	3.268381E-4
-2.998600E-1	3.292466E-4
-2.988362E-1	3.313211E-4
-2.978240E-1	3.335868E-4
-2.967786E-1	3.356002E-4
-2.957650E-1	3.377317E-4
-2.947432E-1	3.397616E-4
-2.937166E-1	3.416527E-4
-2.926707E-1	3.434530E-4
-2.916625E-1	3.451270E-4
-2.906437E-1	3.465127E-4
-2.896089E-1	3.477959E-4
-2.885709E-1	3.492193E-4
-2.875434E-1	3.504161E-4
-2.864851E-1	3.513206E-4
-2.855030E-1	3.521240E-4
-2.844799E-1	3.530264E-4
-2.834260E-1	3.537185E-4
-2.824067E-1	3.543501E-4
-2.813662E-1	3.547257E-4
-2.803883E-1	3.552290E-4
-2.793782E-1	3.555968E-4
-2.783266E-1	3.558241E-4
-2.772912E-1	3.558707E-4
-2.762771E-1	3.555163E-4
-2.752106E-1	3.549685E-4
-2.741926E-1	3.542742E-4
-2.731517E-1	3.534990E-4
-2.721293E-1	3.530069E-4
-2.711326E-1	3.522141E-4
-2.701193E-1	3.510453E-4
-2.690667E-1	3.495929E-4
-2.680365E-1	3.482740E-4
-2.670404E-1	3.468216E-4
-2.659766E-1	3.450641E-4
-2.649583E-1	3.433961E-4
-2.639361E-1	3.412916E-4
-2.628562E-1	3.391246E-4
-2.618661E-1	3.367947E-4
-2.608097E-1	3.344815E-4
-2.598616E-1	3.318655E-4
-2.588482E-1	3.292196E-4
-2.578186E-1	3.264099E-4
-2.568046E-1	3.234781E-4
-2.557259E-1	3.204549E-4
-2.546955E-1	3.171697E-4
-2.536981E-1	3.139938E-4
-2.526622E-1	3.103336E-4
-2.516026E-1	3.068330E-4
-2.505754E-1	3.033200E-4
-2.495594E-1	2.995637E-4
-2.485499E-1	2.958975E-4
-2.475121E-1	2.920562E-4
-2.464827E-1	2.881074E-4
-2.454561E-1	2.841734E-4
-2.444351E-1	2.799859E-4
-2.433811E-1	2.758699E-4
-2.423602E-1	2.719404E-4
-2.413643E-1	2.678412E-4
-2.403079E-1	2.635987E-4
-2.392897E-1	2.592649E-4
-2.382520E-1	2.549203E-4
-2.372124E-1	2.505586E-4
-2.362048E-1	2.463361E-4
-2.351479E-1	2.420570E-4
-2.341349E-1	2.377161E-4
-2.331437E-1	2.334044E-4
-2.321084E-1	2.289525E-4
-2.310957E-1	2.247256E-4
-2.300161E-1	2.205337E-4
-2.290164E-1	2.162016E-4
-2.279879E-1	2.119604E-4
-2.269057E-1	2.077680E-4
-2.258803E-1	2.035211E-4
-2.248877E-1	1.993037E-4
-2.238779E-1	1.951241E-4
-2.228235E-1	1.911344E-4
-2.218171E-1	1.871712E-4
-2.207852E-1	1.830928E-4
-2.197402E-1	1.791564E-4
-2.187368E-1	1.752503E-4
-2.177118E-1	1.713554E-4
-2.166810E-1	1.675360E-4
-2.156442E-1	1.637937E-4
-2.146287E-1	1.600504E-4
-2.135876E-1	1.563590E-4
-2.125926E-1	1.527736E-4
-2.115518E-1	1.492365E-4
-2.105295E-1	1.457932E-4
-2.095106E-1	1.424042E-4
-2.084797E-1	1.390628E-4
-2.074145E-1	1.357706E-4
-2.063974E-1	1.325440E-4
-2.053308E-1	1.293998E-4
-2.043249E-1	1.263110E-4
-2.033019E-1	1.232649E-4
-2.023055E-1	1.203969E-4
-2.012600E-1	1.174625E-4
-2.002141E-1	1.147322E-4
-1.992091E-1	1.120085E-4
-1.981799E-1	1.093191E-4
-1.971965E-1	1.067023E-4
-1.961789E-1	1.041303E-4
-1.951470E-1	1.016260E-4
-1.940783E-1	9.911994E-5
-1.930930E-1	9.670059E-5
-1.920236E-1	9.439561E-5
-1.909875E-1	9.213068E-5
-1.899715E-1	8.991025E-5
-1.889557E-1	8.775622E-5
-1.879473E-1	8.565769E-5
-1.868969E-1	8.362808E-5
-1.858627E-1	8.163213E-5
-1.848602E-1	7.972937E-5
-1.838215E-1	7.781736E-5
-1.828051E-1	7.595150E-5
-1.817864E-1	7.413363E-5
-1.807542E-1	7.238811E-5
-1.796835E-1	7.066279E-5
-1.786684E-1	6.898862E-5
-1.776727E-1	6.734937E-5
-1.766745E-1	6.579759E-5
-1.756540E-1	6.425648E-5
-1.746229E-1	6.280214E-5
-1.736217E-1	6.138141E-5
-1.725421E-1	5.990790E-5
-1.715365E-1	5.852254E-5
-1.704859E-1	5.718863E-5
-1.694532E-1	5.584102E-5
-1.684572E-1	5.454774E-5
-1.673895E-1	5.334493E-5
-1.664031E-1	5.208971E-5
-1.653701E-1	5.089595E-5
-1.643318E-1	4.971855E-5
-1.633228E-1	4.857551E-5
-1.623075E-1	4.744423E-5
-1.612703E-1	4.632606E-5
-1.601903E-1	4.522330E-5
-1.592012E-1	4.415255E-5
-1.581627E-1	4.309731E-5
-1.571384E-1	4.205458E-5
-1.561160E-1	4.104032E-5
-1.551301E-1	4.003431E-5
-1.541103E-1	3.906986E-5
-1.530766E-1	3.809571E-5
-1.520053E-1	3.718561E-5
-1.509672E-1	3.620254E-5
-1.499430E-1	3.527111E-5
-1.489006E-1	3.436681E-5
-1.479062E-1	3.347405E-5
-1.468590E-1	3.258709E-5
-1.458523E-1	3.170753E-5
-1.448618E-1	3.085042E-5
-1.438229E-1	3.002366E-5
-1.427609E-1	2.918988E-5
-1.417677E-1	2.836429E-5
-1.407422E-1	2.757319E-5
-1.397087E-1	2.679410E-5
-1.386635E-1	2.601431E-5
-1.376014E-1	2.525093E-5
-1.366014E-1	2.451048E-5
-1.356082E-1	2.375719E-5
-1.346204E-1	2.303148E-5
-1.336075E-1	2.238642E-5
-1.325806E-1	2.167333E-5
-1.315258E-1	2.096721E-5
-1.304939E-1	2.028857E-5
-1.294644E-1	1.960858E-5
-1.284110E-1	1.892063E-5
-1.273940E-1	1.826468E-5
-1.263726E-1	1.760666E-5
-1.253521E-1	1.694594E-5
-1.243118E-1	1.633402E-5
-1.233162E-1	1.570960E-5
-1.222785E-1	1.508930E-5
-1.212543E-1	1.448966E-5
-1.202372E-1	1.392268E-5
-1.191687E-1	1.333386E-5
-1.181659E-1	1.277976E-5
-1.171443E-1	1.221444E-5
-1.161084E-1	1.168809E-5
-1.151006E-1	1.117669E-5
-1.140685E-1	1.065913E-5
-1.130299E-1	1.016018E-5
-1.120434E-1	9.663491E-6
-1.110236E-1	9.181083E-6
-1.099766E-1	8.720592E-6
-1.089371E-1	8.250679E-6
-1.079145E-1	7.792532E-6
-1.069145E-1	7.346968E-6
-1.058627E-1	6.893904E-6
-1.048494E-1	6.502941E-6
-1.037935E-1	6.073821E-6
-1.028007E-1	5.664428E-6
-1.017447E-1	5.261226E-6
-1.007091E-1	4.862974E-6
-9.971403E-2	4.496349E-6
-9.867136E-2	4.150308E-6
-9.768789E-2	3.820530E-6
-9.661293E-2	3.454516E-6
-9.563893E-2	3.150919E-6
-9.462378E-2	2.846925E-6
-9.358438E-2	2.571340E-6
-9.252992E-2	2.303108E-6
-9.150657E-2	2.072646E-6
-9.049414E-2	1.883403E-6
-8.947025E-2	1.658798E-6
-8.843812E-2	1.414244E-6
-8.745045E-2	1.192146E-6
-8.637459E-2	9.680329E-7
-8.537971E-2	7.937378E-7
-8.434573E-2	6.055508E-7
-8.326907E-2	4.159111E-7
-8.225093E-2	2.230997E-7
-8.121933E-2	6.247083E-8
-8.023383E-2	-9.895514E-8
-7.917348E-2	-2.576814E-7
-7.813796E-2	-3.563826E-7
-7.712868E-2	-4.898456E-7
-7.610663E-2	-5.664370E-7
-7.503166E-2	-6.624988E-7
-7.403693E-2	-7.452684E-7
-7.301574E-2	-8.310206E-7
-7.198947E-2	-8.817518E-7
-7.097934E-2	-8.572379E-7
-6.996879E-2	-8.985044E-7
-6.893768E-2	-8.698409E-7
-6.787404E-2	-8.893408E-7
-6.686252E-2	-8.355807E-7
-6.584633E-2	-7.953341E-7
-6.481338E-2	-7.196226E-7
-6.380705E-2	-6.445695E-7
-6.278676E-2	-5.622104E-7
-6.175049E-2	-5.005125E-7
-6.067654E-2	-4.207326E-7
-5.967383E-2	-3.485976E-7
-5.863485E-2	-2.455072E-7
-5.761640E-2	-1.267388E-7
-5.659117E-2	-1.372412E-8
-5.554257E-2	1.176304E-7
-5.453904E-2	3.270782E-7
-5.355526E-2	4.733977E-7
-5.253335E-2	6.897255E-7
-5.152485E-2	8.814008E-7
-5.048581E-2	1.106146E-6
-4.942572E-2	1.284642E-6
-4.844577E-2	1.503763E-6
-4.739153E-2	1.710215E-6
-4.634496E-2	1.957578E-6
-4.529516E-2	2.208746E-6
-4.428254E-2	2.442234E-6
-4.326840E-2	2.713441E-6
-4.228890E-2	2.936265E-6
-4.125800E-2	3.198645E-6
-4.022128E-2	3.453037E-6
-3.914889E-2	3.691281E-6
-3.813462E-2	3.930904E-6
-3.710565E-2	4.185878E-6
-3.606812E-2	4.465168E-6
-3.503213E-2	4.746618E-6
-3.404063E-2	5.057875E-6
-3.300547E-2	5.358634E-6
-3.202161E-2	5.696621E-6
-3.098833E-2	6.010504E-6
-2.991904E-2	6.342113E-6
-2.891053E-2	6.671442E-6
-2.788130E-2	7.010702E-6
-2.684922E-2	7.323034E-6
-2.581716E-2	7.684283E-6
-2.482571E-2	8.019669E-6
-2.375021E-2	8.342547E-6
-2.274156E-2	8.699512E-6
-2.170062E-2	9.054006E-6
-2.068250E-2	9.439783E-6
-1.968807E-2	9.796394E-6
-1.865313E-2	1.015623E-5
-1.762945E-2	1.057501E-5
-1.662940E-2	1.095298E-5
-1.557002E-2	1.129594E-5
-1.455645E-2	1.166243E-5
-1.351480E-2	1.203325E-5
-1.253758E-2	1.244875E-5
-1.152235E-2	1.281614E-5
-1.046595E-2	1.321016E-5
-9.457488E-3	1.361370E-5
-8.401494E-3	1.401705E-5
-7.425605E-3	1.441685E-5
-6.381266E-3	1.480460E-5
-5.360660E-3	1.520544E-5
-4.312454E-3	1.561492E-5
-3.334465E-3	1.602869E-5
-2.280753E-3	1.640782E-5
-1.263159E-3	1.681577E-5
-2.199127E-4	1.721775E-5
7.954124E-4	1.761214E-5
1.799838E-3	1.796995E-5
2.777001E-3	1.833201E-5
3.786526E-3	1.872412E-5
4.832546E-3	1.911163E-5
5.875484E-3	1.946535E-5
6.872289E-3	1.982644E-5
7.941789E-3	2.016071E-5
8.937108E-3	2.049745E-5
9.964397E-3	2.080769E-5
1.100320E-2	2.112679E-5
1.202501E-2	2.144177E-5
1.301673E-2	2.175125E-5
1.405579E-2	2.204321E-5
1.511246E-2	2.233683E-5
1.614321E-2	2.260583E-5
1.713860E-2	2.288077E-5
1.817807E-2	2.314700E-5
1.921235E-2	2.344041E-5
2.020552E-2	2.369290E-5
2.125670E-2	2.395464E-5
2.228991E-2	2.418294E-5
2.330425E-2	2.441371E-5
2.428735E-2	2.465715E-5
2.535904E-2	2.488821E-5
2.636132E-2	2.510057E-5
2.740835E-2	2.532873E-5
2.840440E-2	2.552819E-5
2.943180E-2	2.575225E-5
3.043429E-2	2.593563E-5
3.148713E-2	2.615459E-5
3.250298E-2	2.634927E-5
3.354474E-2	2.651439E-5
3.454028E-2	2.667920E-5
3.557058E-2	2.684881E-5
3.660999E-2	2.700266E-5
3.763467E-2	2.715750E-5
3.867110E-2	2.731194E-5
3.973089E-2	2.744146E-5
4.076251E-2	2.758797E-5
4.176652E-2	2.774954E-5
4.278395E-2	2.785372E-5
4.378850E-2	2.798322E-5
4.484241E-2	2.809587E-5
4.586247E-2	2.823005E-5
4.689098E-2	2.835901E-5
4.792257E-2	2.842870E-5
4.895243E-2	2.855202E-5
4.996140E-2	2.864864E-5
5.094417E-2	2.876190E-5
5.200090E-2	2.884312E-5
5.303867E-2	2.892062E-5
5.405793E-2	2.901769E-5
5.509947E-2	2.909635E-5
5.610964E-2	2.915284E-5
5.715741E-2	2.922528E-5
5.815606E-2	2.933047E-5
5.922063E-2	2.938712E-5
6.018673E-2	2.947383E-5
6.125138E-2	2.948848E-5
6.227805E-2	2.954855E-5
6.332532E-2	2.964962E-5
6.434472E-2	2.965767E-5
6.535671E-2	2.974234E-5
6.641146E-2	2.978047E-5
6.744495E-2	2.979719E-5
6.846515E-2	2.985459E-5
6.944220E-2	2.990524E-5
7.043398E-2	2.991724E-5
7.147290E-2	2.996258E-5
7.248286E-2	3.000981E-5
7.351369E-2	3.002067E-5
7.453969E-2	3.007525E-5
7.561130E-2	3.010532E-5
7.660407E-2	3.014355E-5
7.761223E-2	3.017604E-5
7.865823E-2	3.019162E-5
7.970803E-2	3.021196E-5
8.069607E-2	3.024134E-5
8.170842E-2	3.024595E-5
8.276995E-2	3.025842E-5
8.377379E-2	3.027220E-5
8.479120E-2	3.026808E-5
8.583718E-2	3.027014E-5
8.691014E-2	3.028036E-5
8.789803E-2	3.029919E-5
8.893469E-2	3.030565E-5
8.996794E-2	3.030593E-5
9.099336E-2	3.030255E-5
9.203106E-2	3.030983E-5
9.305946E-2	3.033890E-5
9.405843E-2	3.030950E-5
9.510375E-2	3.029494E-5
9.606138E-2	3.028795E-5
9.714479E-2	3.026572E-5
9.817347E-2	3.026246E-5
9.918066E-2	3.025790E-5
1.001764E-1	3.022791E-5
1.012290E-1	3.023451E-5
1.022637E-1	3.023952E-5
1.033051E-1	3.021020E-5
1.043643E-1	3.020560E-5
1.053491E-1	3.018999E-5
1.063709E-1	3.017122E-5
1.074017E-1	3.015325E-5
1.084400E-1	3.013825E-5
1.094403E-1	3.013155E-5
1.105075E-1	3.010008E-5
1.114725E-1	3.004824E-5
1.125201E-1	3.000397E-5
1.135748E-1	2.996562E-5
1.145925E-1	2.994600E-5
1.156041E-1	2.989618E-5
1.166272E-1	2.990412E-5
1.176215E-1	2.986866E-5
1.186571E-1	2.982921E-5
1.196782E-1	2.980367E-5
1.207411E-1	2.978514E-5
1.217488E-1	2.975548E-5
1.227617E-1	2.973546E-5
1.237955E-1	2.969223E-5
1.248174E-1	2.966550E-5
1.258634E-1	2.962524E-5
1.268578E-1	2.959912E-5
1.278879E-1	2.956904E-5
1.288935E-1	2.955316E-5
1.299560E-1	2.951371E-5
1.309980E-1	2.948146E-5
1.319604E-1	2.945792E-5
1.330098E-1	2.942498E-5
1.340502E-1	2.938480E-5
1.350583E-1	2.933909E-5
1.361047E-1	2.928773E-5
1.370918E-1	2.924860E-5
1.381148E-1	2.921213E-5
1.391594E-1	2.917503E-5
1.402015E-1	2.916060E-5
1.412496E-1	2.908459E-5
1.422254E-1	2.904580E-5
1.432530E-1	2.899030E-5
1.442991E-1	2.896705E-5
1.453317E-1	2.892684E-5
1.463666E-1	2.886339E-5
1.474063E-1	2.881601E-5
1.484222E-1	2.878042E-5
1.494277E-1	2.873105E-5
1.505055E-1	2.867939E-5
1.515014E-1	2.862692E-5
1.524835E-1	2.858123E-5
1.534721E-1	2.853446E-5
1.545188E-1	2.849172E-5
1.555348E-1	2.844910E-5
1.565574E-1	2.839500E-5
1.576221E-1	2.833503E-5
1.586453E-1	2.829496E-5
1.596667E-1	2.824143E-5
1.607174E-1	2.819772E-5
1.617446E-1	2.813246E-5
1.627307E-1	2.808456E-5
1.637785E-1	2.803785E-5
1.648016E-1	2.797814E-5
1.658202E-1	2.793400E-5
1.668748E-1	2.788989E-5
1.678932E-1	2.783884E-5
1.688920E-1	2.778174E-5
1.699533E-1	2.770897E-5
1.709509E-1	2.767923E-5
1.720004E-1	2.762379E-5
1.729931E-1	2.756757E-5
1.740080E-1	2.752568E-5
1.749976E-1	2.747731E-5
1.760428E-1	2.741263E-5
1.770694E-1	2.734735E-5
1.781342E-1	2.730720E-5
1.791330E-1	2.726778E-5
1.801791E-1	2.720775E-5
1.812213E-1	2.716030E-5
1.822486E-1	2.710835E-5
1.832742E-1	2.705609E-5
1.842398E-1	2.700177E-5
1.853101E-1	2.696108E-5
1.862976E-1	2.691580E-5
1.873238E-1	2.685850E-5
1.883768E-1	2.678498E-5
1.894154E-1	2.673502E-5
1.904140E-1	2.669891E-5
1.914471E-1	2.664983E-5
1.924711E-1	2.660433E-5
1.935127E-1	2.653637E-5
1.945027E-1	2.649246E-5
1.955292E-1	2.644112E-5
1.965110E-1	2.639376E-5
1.975776E-1	2.631287E-5
1.986112E-1	2.626347E-5
1.996604E-1	2.624902E-5
2.006965E-1	2.617827E-5
2.016764E-1	2.612107E-5
2.027457E-1	2.606882E-5
2.037606E-1	2.604687E-5
2.047759E-1	2.597329E-5
2.058101E-1	2.591918E-5
2.068001E-1	2.588154E-5
2.078404E-1	2.583146E-5
2.088918E-1	2.578551E-5
2.099419E-1	2.571315E-5
2.109571E-1	2.567352E-5
2.119736E-1	2.563061E-5
2.130121E-1	2.557489E-5
2.140018E-1	2.550925E-5
2.149998E-1	2.545232E-5
2.160111E-1	2.539999E-5
2.170549E-1	2.534621E-5
2.180962E-1	2.529578E-5
2.191139E-1	2.523483E-5
2.201219E-1	2.518368E-5
2.211328E-1	2.514871E-5
2.221505E-1	2.511642E-5
2.232326E-1	2.504671E-5
2.242509E-1	2.500241E-5
2.252927E-1	2.494743E-5
2.263084E-1	2.489295E-5
2.273373E-1	2.484200E-5
2.283786E-1	2.480198E-5
2.293828E-1	2.474085E-5
2.303883E-1	2.470313E-5
2.314170E-1	2.463983E-5
2.324783E-1	2.458563E-5
2.334689E-1	2.454113E-5
2.345222E-1	2.450119E-5
2.355308E-1	2.444153E-5
2.365751E-1	2.439202E-5
2.375611E-1	2.436346E-5
2.386384E-1	2.430456E-5
2.396243E-1	2.426521E-5
2.406283E-1	2.423562E-5
2.416496E-1	2.416872E-5
2.427311E-1	2.412329E-5
2.437414E-1	2.409901E-5
2.447842E-1	2.403917E-5
2.457815E-1	2.397863E-5
2.468190E-1	2.394125E-5
2.478315E-1	2.389285E-5
2.488892E-1	2.385036E-5
2.499043E-1	2.379720E-5
2.508745E-1	2.377005E-5
2.518963E-1	2.371397E-5
2.529427E-1	2.366778E-5
2.539888E-1	2.361968E-5
2.550547E-1	2.359534E-5
2.560202E-1	2.354342E-5
2.570563E-1	2.355598E-5
2.581009E-1	2.349979E-5
2.591008E-1	2.342525E-5
2.601310E-1	2.339960E-5
2.611547E-1	2.335624E-5
2.621966E-1	2.330286E-5
2.632490E-1	2.327882E-5
2.642771E-1	2.321412E-5
2.653006E-1	2.317587E-5
2.663195E-1	2.312922E-5
2.673351E-1	2.311205E-5
2.683401E-1	2.305960E-5
2.693659E-1	2.300832E-5
2.704317E-1	2.296041E-5
2.714262E-1	2.293058E-5
2.724491E-1	2.292054E-5
2.734796E-1	2.286614E-5
2.745360E-1	2.283214E-5
2.755439E-1	2.277512E-5
2.765337E-1	2.273136E-5
2.775433E-1	2.269244E-5
2.785552E-1	2.266137E-5
2.796098E-1	2.260910E-5
2.806240E-1	2.256542E-5
2.816649E-1	2.253661E-5
2.826816E-1	2.251209E-5
2.837477E-1	2.246114E-5
2.847418E-1	2.243475E-5
2.857887E-1	2.238120E-5
2.868175E-1	2.235540E-5
2.878348E-1	2.229839E-5
2.888483E-1	2.227557E-5
2.898651E-1	2.222734E-5
2.909265E-1	2.224154E-5
2.919541E-1	2.219830E-5
2.929741E-1	2.209867E-5
2.940197E-1	2.207002E-5
2.950199E-1	2.205130E-5
2.960654E-1	2.199625E-5
2.970424E-1	2.196596E-5
2.980872E-1	2.192922E-5
2.991255E-1	2.189901E-5
3.001486E-1	2.186439E-5
3.011564E-1	2.181485E-5
3.021989E-1	2.177748E-5
3.031798E-1	2.174563E-5
3.042379E-1	2.172260E-5
3.052546E-1	2.169335E-5
3.062873E-1	2.165953E-5
3.072910E-1	2.163604E-5
3.083469E-1	2.160384E-5
3.093981E-1	2.158178E-5
3.103835E-1	2.156673E-5
3.114264E-1	2.153039E-5
3.124177E-1	2.149408E-5
3.134365E-1	2.145074E-5
3.144713E-1	2.141792E-5
3.155459E-1	2.139516E-5
3.165221E-1	2.139672E-5
3.175760E-1	2.135016E-5
3.185843E-1	2.131291E-5
3.195802E-1	2.128774E-5
3.206439E-1	2.127235E-5
3.216637E-1	2.121505E-5
3.226333E-1	2.120313E-5
3.237052E-1	2.117060E-5
3.247205E-1	2.114483E-5
3.257310E-1	2.111155E-5
3.267354E-1	2.108845E-5
3.278012E-1	2.105365E-5
3.288315E-1	2.104604E-5
3.298783E-1	2.105413E-5
3.309225E-1	2.100640E-5
3.319190E-1	2.098662E-5
3.329178E-1	2.095154E-5
3.339291E-1	2.091918E-5
3.349818E-1	2.090779E-5
3.359999E-1	2.094210E-5
3.370185E-1	2.093504E-5
3.380780E-1	2.088707E-5
3.390660E-1	2.082247E-5
3.401293E-1	2.081877E-5
3.411238E-1	2.083652E-5
3.421870E-1	2.074636E-5
3.431869E-1	2.074218E-5
3.441760E-1	2.069784E-5
3.451883E-1	2.070840E-5
3.462288E-1	2.068120E-5
3.472765E-1	2.066207E-5
3.483352E-1	2.063419E-5
3.493478E-1	2.062303E-5
3.504073E-1	2.061537E-5
3.513837E-1	2.058281E-5
3.524128E-1	2.056001E-5
3.534595E-1	2.053836E-5
3.544577E-1	2.052503E-5
3.555199E-1	2.050106E-5
3.565261E-1	2.050621E-5
3.575265E-1	2.049296E-5
3.585664E-1	2.048605E-5
3.595845E-1	2.048181E-5
3.606272E-1	2.045896E-5
3.616112E-1	2.044317E-5
3.626671E-1	2.040972E-5
3.636694E-1	2.041087E-5
3.647010E-1	2.039593E-5
3.657227E-1	2.040114E-5
3.667702E-1	2.039649E-5
3.677562E-1	2.039276E-5
3.688222E-1	2.036440E-5
3.698561E-1	2.037430E-5
3.708877E-1	2.036175E-5
3.719034E-1	2.035192E-5
3.729394E-1	2.034243E-5
3.739809E-1	2.034137E-5
3.749555E-1	2.036109E-5
3.759821E-1	2.038664E-5
3.770453E-1	2.035768E-5
3.780725E-1	2.035988E-5
3.790934E-1	2.034861E-5
3.801171E-1	2.036249E-5
3.811134E-1	2.038911E-5
3.821409E-1	2.038702E-5
3.831673E-1	2.036282E-5
3.842152E-1	2.032868E-5
3.852571E-1	2.031428E-5
3.862474E-1	2.029199E-5
3.872822E-1	2.029255E-5
3.883143E-1	2.027305E-5
3.893069E-1	2.028279E-5
3.903510E-1	2.026968E-5
3.913874E-1	2.027338E-5
3.923803E-1	2.028647E-5
3.934217E-1	2.029059E-5
3.944343E-1	2.028362E-5
3.954851E-1	2.025815E-5
3.964803E-1	2.026202E-5
3.975727E-1	2.025344E-5
3.985432E-1	2.026344E-5
3.995853E-1	2.025029E-5
4.005666E-1	2.025701E-5
4.015645E-1	2.027348E-5
4.026181E-1	2.028545E-5
4.036433E-1	2.029127E-5
4.046867E-1	2.030484E-5
4.057062E-1	2.031120E-5
4.067350E-1	2.035421E-5
4.077531E-1	2.036391E-5
4.088190E-1	2.038319E-5
4.098065E-1	2.040545E-5
4.108574E-1	2.042432E-5
4.118786E-1	2.045620E-5
4.128777E-1	2.050316E-5
4.138954E-1	2.049196E-5
4.149494E-1	2.049855E-5
4.159552E-1	2.047479E-5
4.170137E-1	2.046399E-5
4.180094E-1	2.047582E-5
4.190529E-1	2.046463E-5
4.200727E-1	2.049236E-5
4.210887E-1	2.052857E-5
4.221066E-1	2.054755E-5
4.231689E-1	2.056463E-5
4.241727E-1	2.056534E-5
4.251546E-1	2.056560E-5
4.262187E-1	2.056907E-5
4.272350E-1	2.058934E-5
4.282652E-1	2.058869E-5
4.292537E-1	2.059813E-5
4.303296E-1	2.061429E-5
4.313252E-1	2.063686E-5
4.323780E-1	2.063479E-5
4.334260E-1	2.064473E-5
4.344509E-1	2.067276E-5
4.354504E-1	2.071525E-5
4.364910E-1	2.073536E-5
4.374998E-1	2.074714E-5
4.385586E-1	2.076608E-5
4.395440E-1	2.077644E-5
4.405588E-1	2.078600E-5
4.415777E-1	2.079661E-5
4.426265E-1	2.078024E-5
4.436375E-1	2.078281E-5
4.446535E-1	2.080917E-5
4.457031E-1	2.081330E-5
4.467192E-1	2.080443E-5
4.477494E-1	2.081680E-5
4.487736E-1	2.083546E-5
4.497963E-1	2.088259E-5
4.508262E-1	2.091637E-5
4.518515E-1	2.092958E-5
4.528767E-1	2.099697E-5
4.539234E-1	2.100526E-5
4.549595E-1	2.099375E-5
4.559591E-1	2.097555E-5
4.569985E-1	2.096770E-5
4.579982E-1	2.097580E-5
4.590008E-1	2.098979E-5
4.600612E-1	2.100536E-5
4.610544E-1	2.103258E-5
4.620764E-1	2.106352E-5
4.630793E-1	2.106391E-5
4.641161E-1	2.108776E-5
4.651633E-1	2.110109E-5
4.661803E-1	2.112197E-5
4.672065E-1	2.112141E-5
4.682711E-1	2.113139E-5
4.692636E-1	2.115107E-5
4.702805E-1	2.116162E-5
4.713344E-1	2.118485E-5
4.723244E-1	2.120575E-5
4.733799E-1	2.124192E-5
4.743602E-1	2.128798E-5
4.754294E-1	2.130593E-5
4.764336E-1	2.133929E-5
4.774826E-1	2.144068E-5
4.784904E-1	2.146154E-5
4.795432E-1	2.148738E-5
4.805697E-1	2.148978E-5
4.815912E-1	2.147700E-5
4.825423E-1	2.145531E-5
4.835822E-1	2.144521E-5
4.846106E-1	2.142903E-5
4.856495E-1	2.143105E-5
4.866705E-1	2.143092E-5
4.876941E-1	2.145861E-5
4.887232E-1	2.146960E-5
4.897660E-1	2.148557E-5
4.907723E-1	2.149815E-5
4.917964E-1	2.152302E-5
4.928046E-1	2.153275E-5
4.938462E-1	2.154351E-5
4.948633E-1	2.156614E-5
4.958795E-1	2.160262E-5
4.969100E-1	2.162414E-5
4.979748E-1	2.162008E-5
4.990066E-1	2.165705E-5
5.000293E-1	2.167250E-5
5.010736E-1	2.169501E-5
5.020773E-1	2.173153E-5
5.030656E-1	2.177058E-5
5.041016E-1	2.183957E-5
5.051073E-1	2.184425E-5
5.061339E-1	2.192169E-5
5.071916E-1	2.194914E-5
5.081780E-1	2.193336E-5
5.092525E-1	2.197125E-5
5.102527E-1	2.196225E-5
5.113003E-1	2.197893E-5
5.123073E-1	2.200979E-5
5.133587E-1	2.200182E-5
5.143727E-1	2.201436E-5
5.153698E-1	2.204357E-5
5.164091E-1	2.204997E-5
5.174382E-1	2.207408E-5
5.184831E-1	2.208848E-5
5.195145E-1	2.212091E-5
5.205371E-1	2.211990E-5
5.215615E-1	2.215245E-5
5.226013E-1	2.218394E-5
5.235558E-1	2.219500E-5
5.246083E-1	2.222385E-5
5.256156E-1	2.225810E-5
5.266268E-1	2.229582E-5
5.276824E-1	2.232516E-5
5.286954E-1	2.235638E-5
5.297495E-1	2.238101E-5
5.307640E-1	2.241465E-5
5.317858E-1	2.244345E-5
5.328342E-1	2.247723E-5
5.338502E-1	2.250133E-5
5.348458E-1	2.253174E-5
5.358737E-1	2.256591E-5
5.369157E-1	2.260326E-5
5.379436E-1	2.264370E-5
5.389710E-1	2.268053E-5
5.399710E-1	2.270981E-5
5.410276E-1	2.273834E-5
5.420733E-1	2.277167E-5
5.430787E-1	2.280115E-5
5.441095E-1	2.283240E-5
5.451162E-1	2.285271E-5
5.460932E-1	2.288167E-5
5.471597E-1	2.291533E-5
5.481649E-1	2.295914E-5
5.491739E-1	2.299847E-5
5.502141E-1	2.302904E-5
5.512396E-1	2.306727E-5
5.522925E-1	2.311138E-5
5.532793E-1	2.314155E-5
5.543431E-1	2.316723E-5
5.553562E-1	2.320226E-5
5.563749E-1	2.324083E-5
5.573907E-1	2.326863E-5
5.584373E-1	2.327286E-5
5.594497E-1	2.332062E-5
5.604363E-1	2.334154E-5
5.614979E-1	2.337872E-5
5.625405E-1	2.338592E-5
5.635227E-1	2.343716E-5
5.645405E-1	2.347271E-5
5.655983E-1	2.351793E-5
5.665836E-1	2.353736E-5
5.676486E-1	2.357314E-5
5.686643E-1	2.362776E-5
5.696538E-1	2.366894E-5
5.706566E-1	2.370288E-5
5.717197E-1	2.374165E-5
5.727125E-1	2.378588E-5
5.737825E-1	2.381937E-5
5.747762E-1	2.385875E-5
5.758070E-1	2.390187E-5
5.768878E-1	2.393950E-5
5.778935E-1	2.398642E-5
5.789334E-1	2.402345E-5
5.799298E-1	2.407134E-5
5.809522E-1	2.410293E-5
5.819654E-1	2.415159E-5
5.829792E-1	2.418502E-5
5.840793E-1	2.421983E-5
5.850891E-1	2.425870E-5
5.860787E-1	2.428617E-5
5.870899E-1	2.432598E-5
5.881214E-1	2.436794E-5
5.891524E-1	2.440165E-5
5.901683E-1	2.445067E-5
5.911988E-1	2.449174E-5
5.922365E-1	2.453671E-5
5.932999E-1	2.457413E-5
5.942999E-1	2.462977E-5
5.953393E-1	2.466042E-5
5.963348E-1	2.471746E-5
5.973651E-1	2.476001E-5
5.984068E-1	2.480751E-5
5.994344E-1	2.483526E-5
6.004431E-1	2.485492E-5
6.015032E-1	2.490296E-5
6.025235E-1	2.496025E-5
6.035758E-1	2.498528E-5
6.045560E-1	2.504623E-5
6.056085E-1	2.509451E-5
6.065994E-1	2.512257E-5
6.075801E-1	2.517400E-5
6.085999E-1	2.522630E-5
6.096692E-1	2.527074E-5
6.107004E-1	2.531842E-5
6.116906E-1	2.537468E-5
6.127509E-1	2.542510E-5
6.137454E-1	2.546501E-5
6.148007E-1	2.551715E-5
6.158054E-1	2.556310E-5
6.168283E-1	2.561277E-5
6.178903E-1	2.566533E-5
6.189165E-1	2.571221E-5
6.199047E-1	2.577354E-5
6.209474E-1	2.581485E-5
6.219811E-1	2.585977E-5
6.229752E-1	2.592213E-5
6.240112E-1	2.597257E-5
6.250488E-1	2.601042E-5
6.260668E-1	2.606154E-5
6.270759E-1	2.611476E-5
6.281203E-1	2.615380E-5
6.291459E-1	2.621449E-5
6.301630E-1	2.626615E-5
6.311614E-1	2.629838E-5
6.321882E-1	2.634052E-5
6.332078E-1	2.640570E-5
6.342523E-1	2.643408E-5
6.352928E-1	2.647090E-5
6.363180E-1	2.651945E-5
6.373228E-1	2.659166E-5
6.383869E-1	2.664517E-5
6.393803E-1	2.671345E-5
6.404261E-1	2.675678E-5
6.414593E-1	2.681618E-5
6.424714E-1	2.687464E-5
6.434651E-1	2.694055E-5
6.445145E-1	2.699801E-5
6.455143E-1	2.706289E-5
6.465655E-1	2.712716E-5
6.475730E-1	2.719178E-5
6.486079E-1	2.725927E-5
6.496428E-1	2.731676E-5
6.506209E-1	2.733342E-5
6.516390E-1	2.738284E-5
6.526635E-1	2.743910E-5
6.537028E-1	2.749531E-5
6.547392E-1	2.755588E-5
6.557457E-1	2.760375E-5
6.567614E-1	2.766267E-5
6.578390E-1	2.772711E-5
6.588337E-1	2.778875E-5
6.598560E-1	2.785426E-5
6.608951E-1	2.789830E-5
6.618867E-1	2.796240E-5
6.629588E-1	2.802660E-5
6.639494E-1	2.808777E-5
6.650188E-1	2.814793E-5
6.660412E-1	2.818492E-5
6.670679E-1	2.823581E-5
6.680512E-1	2.829945E-5
6.690896E-1	2.836547E-5
6.701170E-1	2.841835E-5
6.711257E-1	2.850535E-5
6.721473E-1	2.858288E-5
6.731706E-1	2.863787E-5
6.742371E-1	2.868279E-5
6.752516E-1	2.874546E-5
6.762949E-1	2.882188E-5
6.773219E-1	2.887097E-5
6.783355E-1	2.893923E-5
6.793554E-1	2.899262E-5
6.803614E-1	2.904275E-5
6.813942E-1	2.912380E-5
6.824469E-1	2.916673E-5
6.834604E-1	2.923215E-5
6.844751E-1	2.929603E-5
6.855052E-1	2.936377E-5
6.865353E-1	2.941824E-5
6.875378E-1	2.949552E-5
6.885733E-1	2.954943E-5
6.895650E-1	2.961350E-5
6.905703E-1	2.967331E-5
6.916253E-1	2.971944E-5
6.926578E-1	2.977495E-5
6.936576E-1	2.982860E-5
6.947315E-1	2.990995E-5
6.957070E-1	2.997145E-5
6.967277E-1	3.004595E-5
6.977916E-1	3.009451E-5
6.987878E-1	3.016663E-5
6.998408E-1	3.024138E-5
7.008512E-1	3.029926E-5
7.018962E-1	3.037816E-5
7.029010E-1	3.043671E-5
7.039601E-1	3.051614E-5
7.049763E-1	3.058067E-5
7.060146E-1	3.063661E-5
7.070139E-1	3.071920E-5
7.080300E-1	3.077344E-5
7.090555E-1	3.084182E-5
7.101047E-1	3.090159E-5
7.111264E-1	3.097169E-5
7.121487E-1	3.105176E-5
7.131288E-1	3.112904E-5
7.141951E-1	3.119300E-5
7.151727E-1	3.125331E-5
7.162403E-1	3.132029E-5
7.172182E-1	3.138869E-5
7.182931E-1	3.144767E-5
7.192940E-1	3.151867E-5
7.203460E-1	3.158542E-5
7.213964E-1	3.165370E-5
7.224394E-1	3.172000E-5
7.234243E-1	3.178236E-5
7.244796E-1	3.186409E-5
7.254613E-1	3.192808E-5
7.264856E-1	3.197540E-5
7.275224E-1	3.205266E-5
7.285564E-1	3.212678E-5
7.295733E-1	3.219073E-5
7.306000E-1	3.226690E-5
7.316247E-1	3.234207E-5
7.326455E-1	3.241012E-5
7.336185E-1	3.248028E-5
7.346908E-1	3.255490E-5
7.356568E-1	3.262656E-5
7.367237E-1	3.269331E-5
7.377028E-1	3.276204E-5
7.387633E-1	3.280380E-5
7.397741E-1	3.289641E-5
7.408063E-1	3.294966E-5
7.418394E-1	3.303429E-5
7.428634E-1	3.310574E-5
7.438978E-1	3.316536E-5
7.449455E-1	3.323544E-5
7.459481E-1	3.331640E-5
7.469574E-1	3.339071E-5
7.480025E-1	3.346654E-5
7.489982E-1	3.354521E-5
7.500429E-1	3.362414E-5
7.510803E-1	3.368047E-5
7.521034E-1	3.376295E-5
7.531253E-1	3.383171E-5
7.541112E-1	3.390650E-5
7.551641E-1	3.398241E-5
7.561719E-1	3.405679E-5
7.572081E-1	3.413425E-5
7.582390E-1	3.420780E-5
7.592969E-1	3.429116E-5
7.603213E-1	3.436273E-5
7.612972E-1	3.444154E-5
7.623471E-1	3.451918E-5
7.634011E-1	3.459332E-5
7.644323E-1	3.466416E-5
7.654339E-1	3.474693E-5
7.664565E-1	3.482395E-5
7.674973E-1	3.490285E-5
7.685135E-1	3.496768E-5
7.695525E-1	3.504955E-5
7.705543E-1	3.512307E-5
7.715537E-1	3.520488E-5
7.725945E-1	3.528557E-5
7.736209E-1	3.537394E-5
7.746328E-1	3.545819E-5
7.756247E-1	3.552725E-5
7.767089E-1	3.560837E-5
7.776968E-1	3.568099E-5
7.787303E-1	3.575943E-5
7.797788E-1	3.584381E-5
7.807700E-1	3.592677E-5
7.818050E-1	3.601028E-5
7.828285E-1	3.609281E-5
7.838359E-1	3.616614E-5
7.848663E-1	3.625512E-5
7.859135E-1	3.633868E-5
7.869624E-1	3.642367E-5
7.879843E-1	3.651210E-5
7.890006E-1	3.659346E-5
7.900437E-1	3.667651E-5
7.910738E-1	3.676963E-5
7.920831E-1	3.684886E-5
7.930985E-1	3.699372E-5
7.940889E-1	3.701206E-5
7.951207E-1	3.709619E-5
7.961502E-1	3.717276E-5
7.971707E-1	3.727599E-5
7.981786E-1	3.736301E-5
7.992036E-1	3.745830E-5
8.002580E-1	3.753531E-5
8.012847E-1	3.761788E-5
8.023462E-1	3.771724E-5
8.033679E-1	3.781546E-5
8.044013E-1	3.790503E-5
8.053947E-1	3.800184E-5
8.064257E-1	3.810131E-5
8.074359E-1	3.821672E-5
8.084810E-1	3.830079E-5
8.094761E-1	3.840202E-5
8.105614E-1	3.850301E-5
8.115798E-1	3.860362E-5
8.125934E-1	3.869992E-5
8.136029E-1	3.879699E-5
8.146088E-1	3.889000E-5
8.156591E-1	3.898787E-5
8.166661E-1	3.909576E-5
8.176730E-1	3.920221E-5
8.186658E-1	3.931071E-5
8.196889E-1	3.940128E-5
8.207230E-1	3.951411E-5
8.217491E-1	3.961469E-5
8.228306E-1	3.972924E-5
8.238236E-1	3.983920E-5
8.248910E-1	3.994273E-5
8.259132E-1	4.005151E-5
8.268928E-1	4.016910E-5
8.279106E-1	4.027885E-5
8.289235E-1	4.040611E-5
8.300117E-1	4.050621E-5
8.310163E-1	4.063413E-5
8.320294E-1	4.074282E-5
8.330922E-1	4.086544E-5
8.340694E-1	4.099959E-5
8.350841E-1	4.112295E-5
8.361296E-1	4.124149E-5
8.371755E-1	4.138051E-5
8.381740E-1	4.149879E-5
8.392016E-1	4.162922E-5
8.402060E-1	4.177032E-5
8.412728E-1	4.189716E-5
8.422479E-1	4.203893E-5
8.433206E-1	4.216373E-5
8.443238E-1	4.231184E-5
8.453602E-1	4.245597E-5
8.464264E-1	4.259632E-5
8.474348E-1	4.275232E-5
8.484293E-1	4.287203E-5
8.494683E-1	4.303945E-5
8.504937E-1	4.319836E-5
8.515131E-1	4.333643E-5
8.525206E-1	4.351938E-5
8.535425E-1	4.369017E-5
8.545893E-1	4.384830E-5
8.556066E-1	4.400018E-5
8.566353E-1	4.417876E-5
8.576566E-1	4.434637E-5
8.586267E-1	4.452186E-5
8.596532E-1	4.471321E-5
8.607241E-1	4.488942E-5
8.617444E-1	4.506448E-5
8.627434E-1	4.526916E-5
8.637886E-1	4.545224E-5
8.648260E-1	4.564921E-5
8.658435E-1	4.586437E-5
8.668974E-1	4.606337E-5
8.679500E-1	4.627311E-5
8.689054E-1	4.648950E-5
8.699286E-1	4.671571E-5
8.709532E-1	4.691605E-5
8.720273E-1	4.715338E-5
8.730374E-1	4.737494E-5
8.740391E-1	4.758266E-5
8.750528E-1	4.781292E-5
8.760501E-1	4.808319E-5
8.771274E-1	4.829489E-5
8.781049E-1	4.854986E-5
8.791554E-1	4.879476E-5
8.802049E-1	4.905394E-5
8.812561E-1	4.933106E-5
8.822840E-1	4.962567E-5
8.832956E-1	4.989354E-5
8.843370E-1	5.017215E-5
8.853354E-1	5.045405E-5
8.863698E-1	5.077674E-5
8.873643E-1	5.109065E-5
8.884013E-1	5.140229E-5
8.894320E-1	5.173212E-5
8.904410E-1	5.206325E-5
8.915292E-1	5.239042E-5
8.925375E-1	5.273665E-5
8.935306E-1	5.309972E-5
8.945252E-1	5.346118E-5
8.955586E-1	5.384207E-5
8.965359E-1	5.421789E-5
8.975791E-1	5.463010E-5
8.986145E-1	5.500645E-5
8.996370E-1	5.542012E-5
9.006689E-1	5.584697E-5
9.016984E-1	5.628281E-5
9.027596E-1	5.672718E-5
9.037725E-1	5.719894E-5
9.047999E-1	5.767886E-5
9.058424E-1	5.817550E-5
9.068547E-1	5.868690E-5
9.078933E-1	5.921420E-5
9.089238E-1	5.974345E-5
9.099560E-1	6.029053E-5
9.109266E-1	6.086335E-5
9.119921E-1	6.143940E-5
9.130408E-1	6.204791E-5
9.140666E-1	6.265815E-5
9.150716E-1	6.331720E-5
9.160789E-1	6.396869E-5
9.171142E-1	6.465261E-5
9.181270E-1	6.536239E-5
9.191536E-1	6.609830E-5
9.201560E-1	6.686997E-5
9.211945E-1	6.763075E-5
9.222367E-1	6.844182E-5
9.232257E-1	6.927362E-5
9.242999E-1	7.014223E-5
9.252864E-1	7.103137E-5
9.263217E-1	7.196543E-5
9.273584E-1	7.291755E-5
9.284088E-1	7.391302E-5
9.294227E-1	7.492706E-5
9.304178E-1	7.600277E-5
9.314611E-1	7.710517E-5
9.324707E-1	7.827420E-5
9.335151E-1	7.946953E-5
9.345485E-1	8.070492E-5
9.355778E-1	8.199993E-5
9.365919E-1	8.332987E-5
9.375741E-1	8.471467E-5
9.386145E-1	8.617960E-5
9.396280E-1	8.768608E-5
9.406598E-1	8.925008E-5
9.416688E-1	9.088241E-5
9.427203E-1	9.261240E-5
9.437266E-1	9.437755E-5
9.447821E-1	9.627279E-5
9.457709E-1	9.826341E-5
9.468483E-1	1.003064E-4
9.478456E-1	1.024608E-4
9.488603E-1	1.047003E-4
9.498832E-1	1.070604E-4
9.509270E-1	1.095400E-4
9.519515E-1	1.121512E-4
9.529367E-1	1.148854E-4
9.540131E-1	1.177664E-4
9.550236E-1	1.207654E-4
9.560396E-1	1.239260E-4
9.570492E-1	1.272677E-4
9.580295E-1	1.308017E-4
9.591113E-1	1.345289E-4
9.601409E-1	1.384742E-4
9.611094E-1	1.426470E-4
9.621796E-1	1.470554E-4
9.631703E-1	1.517320E-4
9.642204E-1	1.566805E-4
9.652160E-1	1.619432E-4
9.662617E-1	1.675850E-4
9.672448E-1	1.734778E-4
9.683238E-1	1.797847E-4
9.693138E-1	1.865545E-4
9.703070E-1	1.937138E-4
9.713765E-1	2.013665E-4
9.723597E-1	2.095823E-4
9.733826E-1	2.183753E-4
9.744509E-1	2.277716E-4
9.754780E-1	2.378412E-4
9.766098E-1	2.501622E-4
9.776455E-1	2.619388E-4
9.786567E-1	2.746161E-4
9.796468E-1	2.882461E-4
9.807189E-1	3.028025E-4
9.817502E-1	3.185125E-4
9.827385E-1	3.354409E-4
9.837968E-1	3.535009E-4
9.848475E-1	3.730344E-4
9.858475E-1	3.940428E-4
9.868628E-1	4.165419E-4
9.878947E-1	4.407528E-4
9.889291E-1	4.666607E-4
9.899535E-1	4.943129E-4
9.909841E-1	5.238554E-4
9.919801E-1	5.553430E-4
9.930206E-1	5.887878E-4
9.940701E-1	6.240296E-4
9.951277E-1	6.612880E-4
9.961640E-1	7.004217E-4
9.971563E-1	7.411755E-4
9.981570E-1	7.835431E-4
9.992070E-1	8.270997E-4
1.000194E+0	8.720177E-4
1.001283E+0	9.178716E-4
1.002279E+0	9.642312E-4
1.003340E+0	1.010908E-3
1.004323E+0	1.057527E-3
1.005395E+0	1.103699E-3
1.006394E+0	1.149330E-3
1.007434E+0	1.194101E-3
1.008434E+0	1.237790E-3
1.009493E+0	1.280168E-3
1.010468E+0	1.320967E-3
1.011551E+0	1.360561E-3
1.012597E+0	1.398711E-3
1.013612E+0	1.435492E-3
1.014630E+0	1.471102E-3
1.015670E+0	1.505792E-3
1.016712E+0	1.539597E-3
1.017730E+0	1.572703E-3
1.018698E+0	1.605487E-3
1.019757E+0	1.637749E-3
1.020726E+0	1.669816E-3
1.021784E+0	1.701762E-3
1.022836E+0	1.733685E-3
1.023881E+0	1.765779E-3
1.024862E+0	1.798041E-3
1.025868E+0	1.830010E-3
1.026930E+0	1.862411E-3
1.027957E+0	1.894602E-3
1.029007E+0	1.926740E-3
1.029984E+0	1.958999E-3
1.031024E+0	1.991254E-3
1.032081E+0	2.023419E-3
1.033097E+0	2.055313E-3
1.034127E+0	2.087343E-3
1.035198E+0	2.119010E-3
1.036202E+0	2.150662E-3
1.037221E+0	2.182159E-3
1.038257E+0	2.213423E-3
1.039306E+0	2.244863E-3
1.040307E+0	2.276268E-3
1.041297E+0	2.307658E-3
1.042341E+0	2.339213E-3
1.043361E+0	2.370967E-3
1.044376E+0	2.402910E-3
1.045442E+0	2.435053E-3
1.046441E+0	2.467246E-3
1.047466E+0	2.500320E-3
1.048520E+0	2.533691E-3
1.049569E+0	2.567355E-3
1.050597E+0	2.601612E-3
1.051586E+0	2.636309E-3
1.052643E+0	2.671782E-3
1.053668E+0	2.707855E-3
1.054660E+0	2.745106E-3
1.055734E+0	2.783218E-3
1.056769E+0	2.822059E-3
1.057757E+0	2.861964E-3
1.058796E+0	2.902262E-3
1.059794E+0	2.944324E-3
1.060812E+0	2.987277E-3
1.061855E+0	3.031715E-3
1.062883E+0	3.077201E-3
1.063916E+0	3.123693E-3
1.064964E+0	3.171547E-3
1.066005E+0	3.221581E-3
1.067012E+0	3.272460E-3
1.068023E+0	3.325102E-3
1.069059E+0	3.379089E-3
1.070118E+0	3.435170E-3
1.071174E+0	3.492801E-3
1.072209E+0	3.552589E-3
1.073205E+0	3.614495E-3
1.074251E+0	3.677316E-3
1.075239E+0	3.742884E-3
1.076315E+0	3.810576E-3
1.077305E+0	3.879926E-3
1.078366E+0	3.951774E-3
1.079431E+0	4.025684E-3
1.080424E+0	4.101432E-3
1.081445E+0	4.179019E-3
1.082496E+0	4.259190E-3
1.083515E+0	4.341796E-3
1.084549E+0	4.425397E-3
1.085621E+0	4.511357E-3
1.086612E+0	4.599787E-3
1.087657E+0	4.689435E-3
1.088684E+0	4.780899E-3
1.089777E+0	4.873988E-3
1.090769E+0	4.969153E-3
1.091801E+0	5.065844E-3
1.092840E+0	5.164621E-3
1.094080E+0	5.303050E-4
1.095106E+0	5.407248E-3
1.096183E+0	5.507931E-3
1.097194E+0	5.611811E-3
1.098224E+0	5.716214E-3
1.099264E+0	5.821151E-3
1.100286E+0	5.927115E-3
1.101292E+0	6.034137E-3
1.102349E+0	6.140877E-3
1.103343E+0	6.248059E-3
1.104370E+0	6.355936E-3
1.105412E+0	6.463875E-3
1.106456E+0	6.571656E-3
1.107512E+0	6.680219E-3
1.108526E+0	6.787740E-3
1.109584E+0	6.896001E-3
1.110634E+0	7.002631E-3
1.111670E+0	7.111394E-3
1.112685E+0	7.217071E-3
1.113692E+0	7.324594E-3
1.114780E+0	7.430329E-3
1.115793E+0	7.535476E-3
1.116836E+0	7.640136E-3
1.117856E+0	7.745372E-3
1.118881E+0	7.849292E-3
1.119928E+0	7.952418E-3
1.120950E+0	8.054083E-3
1.121955E+0	8.155531E-3
1.123008E+0	8.257022E-3
1.124009E+0	8.355747E-3
1.125050E+0	8.455155E-3
1.126116E+0	8.553636E-3
1.127107E+0	8.651540E-3
1.128138E+0	8.748495E-3
1.129193E+0	8.844547E-3
1.130234E+0	8.940750E-3
1.131283E+0	9.036319E-3
1.132320E+0	9.129639E-3
1.133331E+0	9.224120E-3
1.134373E+0	9.317610E-3
1.135429E+0	9.409368E-3
1.136446E+0	9.500578E-3
1.137468E+0	9.591839E-3
1.138484E+0	9.682527E-3
1.139536E+0	9.773930E-3
1.140540E+0	9.863523E-3
1.141607E+0	9.953075E-3
1.142587E+0	1.004231E-2
1.143649E+0	1.013101E-2
1.144680E+0	1.021899E-2
1.145709E+0	1.030627E-2
1.146707E+0	1.039340E-2
1.147748E+0	1.048015E-2
1.148752E+0	1.056695E-2
1.149837E+0	1.065353E-2
1.150877E+0	1.073911E-2
1.151924E+0	1.082465E-2
1.152914E+0	1.090961E-2
1.153972E+0	1.099491E-2
1.154994E+0	1.107834E-2
1.156053E+0	1.116322E-2
1.157081E+0	1.124703E-2
1.158079E+0	1.133136E-2
1.159113E+0	1.141495E-2
1.160141E+0	1.149965E-2
1.161216E+0	1.158200E-2
1.162234E+0	1.166563E-2
1.163247E+0	1.174804E-2
1.164298E+0	1.183185E-2
1.165302E+0	1.191357E-2
1.166329E+0	1.199548E-2
1.167350E+0	1.207795E-2
1.168384E+0	1.216010E-2
1.169409E+0	1.224150E-2
1.170447E+0	1.232393E-2
1.171514E+0	1.240613E-2
1.172521E+0	1.248634E-2
1.173587E+0	1.256753E-2
1.174617E+0	1.264872E-2
1.175618E+0	1.272921E-2
1.176652E+0	1.280975E-2
1.177713E+0	1.289046E-2
1.178749E+0	1.297052E-2
1.179720E+0	1.305199E-2
1.180767E+0	1.313252E-2
1.181824E+0	1.321165E-2
1.182861E+0	1.329160E-2
1.183862E+0	1.337211E-2
1.184872E+0	1.345307E-2
1.185908E+0	1.353283E-2
1.186974E+0	1.361248E-2
1.187968E+0	1.369195E-2
1.188976E+0	1.377159E-2
1.190019E+0	1.385232E-2
1.191053E+0	1.393173E-2
1.192079E+0	1.401020E-2
1.193119E+0	1.409005E-2
1.194175E+0	1.416949E-2
1.195200E+0	1.424957E-2
1.196286E+0	1.432837E-2
1.197300E+0	1.440684E-2
1.198302E+0	1.448615E-2
1.199359E+0	1.456441E-2
1.200359E+0	1.464337E-2
1.201393E+0	1.472203E-2
1.202454E+0	1.480102E-2
1.203471E+0	1.488018E-2
1.204507E+0	1.495827E-2
1.205486E+0	1.503743E-2
1.206524E+0	1.511597E-2
1.207593E+0	1.519310E-2
1.208607E+0	1.527104E-2
1.209679E+0	1.534972E-2
1.210703E+0	1.542650E-2
1.211697E+0	1.550437E-2
1.212723E+0	1.558225E-2
1.213796E+0	1.565980E-2
1.214814E+0	1.573788E-2
1.215853E+0	1.581567E-2
1.216834E+0	1.589298E-2
1.217890E+0	1.597059E-2
1.218933E+0	1.604804E-2
1.219983E+0	1.612603E-2
1.221022E+0	1.620333E-2
1.222050E+0	1.627996E-2
1.223065E+0	1.635875E-2
1.224107E+0	1.643557E-2
1.225110E+0	1.651360E-2
1.226121E+0	1.659132E-2
1.227118E+0	1.666823E-2
1.228180E+0	1.674599E-2
1.229204E+0	1.682267E-2
1.230239E+0	1.690029E-2
1.231261E+0	1.697782E-2
1.232298E+0	1.705280E-2
1.233358E+0	1.712979E-2
1.234366E+0	1.720684E-2
1.235434E+0	1.728305E-2
1.236431E+0	1.736009E-2
1.237461E+0	1.743694E-2
1.238508E+0	1.751282E-2
1.239571E+0	1.758867E-2
1.240599E+0	1.766393E-2
1.241654E+0	1.774107E-2
1.242666E+0	1.781799E-2
1.243697E+0	1.789297E-2
1.244703E+0	1.796953E-2
1.245761E+0	1.804497E-2
1.246797E+0	1.812032E-2
1.247831E+0	1.819573E-2
1.248838E+0	1.827111E-2
1.249870E+0	1.834612E-2
1.250876E+0	1.842256E-2
1.251945E+0	1.849741E-2
1.252980E+0	1.857146E-2
1.254014E+0	1.864657E-2
1.255006E+0	1.872118E-2
1.256059E+0	1.879602E-2
1.257073E+0	1.887052E-2
1.258133E+0	1.894517E-2
1.259169E+0	1.902026E-2
1.260229E+0	1.909518E-2
1.261247E+0	1.916923E-2
1.262222E+0	1.924358E-2
1.263311E+0	1.931636E-2
1.264341E+0	1.938967E-2
1.265335E+0	1.946415E-2
1.266395E+0	1.953724E-2
1.267376E+0	1.961122E-2
1.268447E+0	1.968376E-2
1.269445E+0	1.975616E-2
1.270495E+0	1.982936E-2
1.271506E+0	1.990227E-2
1.272531E+0	1.997466E-2
1.273583E+0	2.004672E-2
1.274614E+0	2.011901E-2
1.275671E+0	2.019039E-2
1.276682E+0	2.026273E-2
1.277742E+0	2.033382E-2
1.278778E+0	2.040585E-2
1.279807E+0	2.047724E-2
1.280782E+0	2.054892E-2
1.281809E+0	2.061969E-2
1.282837E+0	2.069097E-2
1.283912E+0	2.076165E-2
1.284952E+0	2.083233E-2
1.285938E+0	2.090212E-2
1.286991E+0	2.097074E-2
1.288015E+0	2.103968E-2
1.289031E+0	2.110902E-2
1.290059E+0	2.117780E-2
1.291104E+0	2.124676E-2
1.292165E+0	2.131562E-2
1.293200E+0	2.138283E-2
1.294145E+0	2.145108E-2
1.295293E+0	2.152246E-2
1.296230E+0	2.159193E-2
1.297346E+0	2.166495E-2
1.298296E+0	2.172773E-2
1.299401E+0	2.180967E-2
1.300438E+0	2.186993E-2
1.301465E+0	2.193794E-2
1.302426E+0	2.199629E-2
1.303510E+0	2.204963E-2
1.304537E+0	2.212331E-2
1.305593E+0	2.218830E-2
1.306638E+0	2.227724E-2
1.307666E+0	2.233001E-2
1.308680E+0	2.239591E-2
1.309689E+0	2.245362E-2
1.310738E+0	2.250798E-2
1.311734E+0	2.256918E-2
1.312813E+0	2.262395E-2
1.313839E+0	2.268259E-2
1.314884E+0	2.273905E-2
1.315890E+0	2.279549E-2
1.316901E+0	2.285199E-2
1.317960E+0	2.290665E-2
1.318939E+0	2.296342E-2
1.320025E+0	2.301823E-2
1.321047E+0	2.307370E-2
1.322063E+0	2.312761E-2
1.323024E+0	2.318145E-2
1.324081E+0	2.323484E-2
1.325127E+0	2.328652E-2
1.326130E+0	2.333898E-2
1.327191E+0	2.339042E-2
1.328176E+0	2.344139E-2
1.329196E+0	2.349203E-2
1.330238E+0	2.354230E-2
1.331280E+0	2.359191E-2
1.332276E+0	2.364027E-2
1.333361E+0	2.368753E-2
1.334344E+0	2.373451E-2
1.335423E+0	2.377970E-2
1.336411E+0	2.382483E-2
1.337429E+0	2.386904E-2
1.338454E+0	2.391244E-2
1.339475E+0	2.395575E-2
1.340518E+0	2.399597E-2
1.341563E+0	2.403672E-2
1.342576E+0	2.407669E-2
1.343643E+0	2.411523E-2
1.344672E+0	2.415387E-2
1.345737E+0	2.419062E-2
1.346758E+0	2.422676E-2
1.347736E+0	2.426221E-2
1.348739E+0	2.429613E-2
1.349775E+0	2.432881E-2
1.350768E+0	2.436123E-2
1.351838E+0	2.439261E-2
1.352825E+0	2.442376E-2
1.353853E+0	2.445250E-2
1.354898E+0	2.447964E-2
1.355919E+0	2.450522E-2
1.356967E+0	2.452994E-2
1.357982E+0	2.455475E-2
1.359009E+0	2.457779E-2
1.360028E+0	2.459988E-2
1.361017E+0	2.462273E-2
1.362079E+0	2.464257E-2
1.363109E+0	2.468232E-2
1.364137E+0	2.470440E-2
1.365207E+0	2.471629E-2
1.366221E+0	2.474287E-2
1.367288E+0	2.476530E-2
1.368264E+0	2.476691E-2
1.369293E+0	2.478158E-2
1.370255E+0	2.478583E-2
1.371293E+0	2.479413E-2
1.372362E+0	2.480004E-2
1.373403E+0	2.480236E-2
1.374412E+0	2.480928E-2
1.375435E+0	2.481204E-2
1.376469E+0	2.481449E-2
1.377448E+0	2.481637E-2
1.378517E+0	2.481592E-2
1.379514E+0	2.481575E-2
1.380594E+0	2.481313E-2
1.381590E+0	2.481007E-2
1.382648E+0	2.480507E-2
1.383666E+0	2.479905E-2
1.384636E+0	2.479322E-2
1.385654E+0	2.478448E-2
1.386675E+0	2.477545E-2
1.387755E+0	2.476445E-2
1.388745E+0	2.475351E-2
1.389747E+0	2.473998E-2
1.390770E+0	2.472609E-2
1.391818E+0	2.471004E-2
1.392794E+0	2.469417E-2
1.393832E+0	2.467607E-2
1.394832E+0	2.465810E-2
1.395869E+0	2.463812E-2
1.396888E+0	2.461753E-2
1.397934E+0	2.459554E-2
1.398962E+0	2.457371E-2
1.400001E+0	2.454995E-2
1.401070E+0	2.452648E-2
1.402005E+0	2.450341E-2
1.403099E+0	2.447423E-2
1.404107E+0	2.448730E-2
1.405063E+0	2.447069E-2
1.406123E+0	2.443405E-2
1.407105E+0	2.440549E-2
1.408119E+0	2.436803E-2
1.409204E+0	2.432806E-2
1.410245E+0	2.429207E-2
1.411214E+0	2.424945E-2
1.412259E+0	2.420906E-2
1.413256E+0	2.417460E-2
1.414290E+0	2.413774E-2
1.415333E+0	2.408635E-2
1.416334E+0	2.404532E-2
1.417372E+0	2.399722E-2
1.418380E+0	2.395310E-2
1.419412E+0	2.390563E-2
1.420428E+0	2.385813E-2
1.421466E+0	2.381053E-2
1.422450E+0	2.376101E-2
1.423472E+0	2.371241E-2
1.424503E+0	2.366082E-2
1.425542E+0	2.361105E-2
1.426587E+0	2.355971E-2
1.427561E+0	2.350807E-2
1.428616E+0	2.345670E-2
1.429632E+0	2.340327E-2
1.430629E+0	2.335118E-2
1.431643E+0	2.329597E-2
1.432622E+0	2.324211E-2
1.433676E+0	2.318696E-2
1.434684E+0	2.313062E-2
1.435746E+0	2.307431E-2
1.436715E+0	2.301770E-2
1.437784E+0	2.296038E-2
1.438810E+0	2.290179E-2
1.439797E+0	2.284371E-2
1.440823E+0	2.278469E-2
1.441840E+0	2.272536E-2
1.442856E+0	2.266570E-2
1.443880E+0	2.260616E-2
1.444927E+0	2.254495E-2
1.445912E+0	2.248441E-2
1.446920E+0	2.242271E-2
1.447997E+0	2.236071E-2
1.448980E+0	2.229896E-2
1.450026E+0	2.223565E-2
1.451047E+0	2.217254E-2
1.452019E+0	2.211034E-2
1.453046E+0	2.204800E-2
1.454058E+0	2.198243E-2
1.455074E+0	2.191817E-2
1.456097E+0	2.185278E-2
1.457104E+0	2.178926E-2
1.458080E+0	2.172486E-2
1.459152E+0	2.165933E-2
1.460135E+0	2.159525E-2
1.461206E+0	2.152828E-2
1.462217E+0	2.146370E-2
1.463240E+0	2.139895E-2
1.464280E+0	2.133325E-2
1.465263E+0	2.126805E-2
1.466300E+0	2.120274E-2
1.467269E+0	2.113708E-2
1.468303E+0	2.107139E-2
1.469313E+0	2.100509E-2
1.470389E+0	2.093865E-2
1.471385E+0	2.087392E-2
1.472375E+0	2.080870E-2
1.473433E+0	2.074152E-2
1.474444E+0	2.067778E-2
1.475439E+0	2.061362E-2
1.476462E+0	2.054891E-2
1.477448E+0	2.048578E-2
1.478512E+0	2.042155E-2
1.479485E+0	2.035786E-2
1.480569E+0	2.029442E-2
1.481576E+0	2.023139E-2
1.482585E+0	2.016864E-2
1.483629E+0	2.010630E-2
1.484669E+0	2.004305E-2
1.485676E+0	1.998258E-2
1.486665E+0	1.992255E-2
1.487669E+0	1.986133E-2
1.488726E+0	1.980041E-2
1.489703E+0	1.974061E-2
1.490747E+0	1.968119E-2
1.491775E+0	1.962212E-2
1.492793E+0	1.956427E-2
1.493784E+0	1.950688E-2
1.494848E+0	1.944824E-2
1.495829E+0	1.939176E-2
1.496882E+0	1.933415E-2
1.497895E+0	1.927823E-2
1.498917E+0	1.922277E-2
1.499906E+0	1.916708E-2
1.500927E+0	1.911418E-2
1.501955E+0	1.906088E-2
1.503010E+0	1.900666E-2
1.504036E+0	1.895393E-2
1.505024E+0	1.890354E-2
1.506037E+0	1.885299E-2
1.507107E+0	1.880244E-2
1.508061E+0	1.875311E-2
1.509089E+0	1.870467E-2
1.510123E+0	1.865778E-2
1.511132E+0	1.861122E-2
1.512219E+0	1.856912E-2
1.513168E+0	1.853053E-2
1.514219E+0	1.851178E-2
1.515198E+0	1.849018E-2
1.516227E+0	1.846210E-2
1.517289E+0	1.840268E-2
1.518264E+0	1.835499E-2
1.519271E+0	1.830787E-2
1.520302E+0	1.826217E-2
1.521354E+0	1.822196E-2
1.522350E+0	1.817955E-2
1.523372E+0	1.814174E-2
1.524420E+0	1.810398E-2
1.525440E+0	1.806802E-2
1.526481E+0	1.803377E-2
1.527522E+0	1.800021E-2
1.528518E+0	1.796860E-2
1.529531E+0	1.793739E-2
1.530553E+0	1.790877E-2
1.531576E+0	1.788155E-2
1.532616E+0	1.785631E-2
1.533642E+0	1.783129E-2
1.534629E+0	1.780834E-2
1.535607E+0	1.778759E-2
1.536672E+0	1.776607E-2
1.537708E+0	1.774629E-2
1.538730E+0	1.772875E-2
1.539717E+0	1.771274E-2
1.540757E+0	1.769765E-2
1.541813E+0	1.768399E-2
1.542793E+0	1.767230E-2
1.543838E+0	1.766142E-2
1.544871E+0	1.765184E-2
1.545857E+0	1.764404E-2
1.546939E+0	1.763822E-2
1.547926E+0	1.763396E-2
1.548991E+0	1.763083E-2
1.549976E+0	1.763040E-2
1.551055E+0	1.763165E-2
1.552071E+0	1.763490E-2
1.553091E+0	1.764034E-2
1.554120E+0	1.764719E-2
1.555073E+0	1.765552E-2
1.556104E+0	1.766494E-2
1.557111E+0	1.767770E-2
1.558118E+0	1.769193E-2
1.559169E+0	1.770761E-2
1.560198E+0	1.772478E-2
1.561273E+0	1.774401E-2
1.562293E+0	1.776578E-2
1.563307E+0	1.779039E-2
1.564326E+0	1.781596E-2
1.565339E+0	1.784455E-2
1.566367E+0	1.787378E-2
1.567392E+0	1.790703E-2
1.568473E+0	1.794106E-2
1.569506E+0	1.797783E-2
1.570534E+0	1.801884E-2
1.571558E+0	1.805779E-2
1.572547E+0	1.810043E-2
1.573591E+0	1.814615E-2
1.574658E+0	1.819465E-2
1.575637E+0	1.824510E-2
1.576665E+0	1.829859E-2
1.577721E+0	1.835443E-2
1.578761E+0	1.841336E-2
1.579794E+0	1.847371E-2
1.580809E+0	1.853647E-2
1.581841E+0	1.860272E-2
1.582868E+0	1.867085E-2
1.583910E+0	1.874165E-2
1.584917E+0	1.881600E-2
1.586011E+0	1.889221E-2
1.586990E+0	1.897130E-2
1.588031E+0	1.905274E-2
1.589088E+0	1.913720E-2
1.590101E+0	1.922387E-2
1.591139E+0	1.931239E-2
1.592119E+0	1.940427E-2
1.593169E+0	1.949879E-2
1.594220E+0	1.959703E-2
1.595266E+0	1.969801E-2
1.596239E+0	1.980095E-2
1.597305E+0	1.990783E-2
1.598310E+0	2.001685E-2
1.599344E+0	2.012949E-2
1.600394E+0	2.024621E-2
1.601439E+0	2.036455E-2
1.602437E+0	2.048583E-2
1.603505E+0	2.060923E-2
1.604549E+0	2.074148E-2
1.605555E+0	2.093370E-2
1.606625E+0	2.116834E-2
1.607651E+0	2.129812E-2
1.608709E+0	2.139104E-2
1.609748E+0	2.155212E-2
1.610772E+0	2.166137E-2
1.611805E+0	2.181499E-2
1.612828E+0	2.195127E-2
1.613888E+0	2.210011E-2
1.614918E+0	2.225749E-2
1.615951E+0	2.241566E-2
1.616946E+0	2.258555E-2
1.618012E+0	2.275907E-2
1.619056E+0	2.293803E-2
1.620119E+0	2.312048E-2
1.621159E+0	2.331090E-2
1.622173E+0	2.350315E-2
1.623241E+0	2.369920E-2
1.624275E+0	2.390355E-2
1.625340E+0	2.410886E-2
1.626337E+0	2.432087E-2
1.627396E+0	2.453807E-2
1.628431E+0	2.476343E-2
1.629496E+0	2.499357E-2
1.630548E+0	2.522909E-2
1.631590E+0	2.546986E-2
1.632620E+0	2.572017E-2
1.633679E+0	2.597202E-2
1.634720E+0	2.623169E-2
1.635814E+0	2.649817E-2
1.636781E+0	2.677029E-2
1.637821E+0	2.705081E-2
1.638894E+0	2.733645E-2
1.639884E+0	2.762849E-2
1.640953E+0	2.793153E-2
1.642013E+0	2.823855E-2
1.643073E+0	2.855330E-2
1.644145E+0	2.887727E-2
1.645190E+0	2.920565E-2
1.646267E+0	2.954948E-2
1.647322E+0	2.989816E-2
1.648355E+0	3.025311E-2
1.649408E+0	3.061214E-2
1.650483E+0	3.105101E-2
1.651575E+0	3.138899E-2
1.652629E+0	3.178536E-2
1.653642E+0	3.217106E-2
1.655029E+0	3.247383E-3
1.656122E+0	3.288635E-2
1.657149E+0	3.330601E-2
1.658210E+0	3.373487E-2
1.659222E+0	3.417930E-2
1.660351E+0	3.462783E-2
1.661376E+0	3.509470E-2
1.662482E+0	3.556938E-2
1.663545E+0	3.604950E-2
1.664577E+0	3.654591E-2
1.665654E+0	3.705788E-2
1.666767E+0	3.756829E-2
1.667831E+0	3.809117E-2
1.668883E+0	3.862784E-2
1.669975E+0	3.916966E-2
1.671047E+0	3.972733E-2
1.672137E+0	4.029473E-2
1.673193E+0	4.086821E-2
1.674270E+0	4.145772E-2
1.675381E+0	4.205411E-2
1.676459E+0	4.265906E-2
1.677496E+0	4.327346E-2
1.678587E+0	4.390816E-2
1.679644E+0	4.454105E-2
1.680736E+0	4.519293E-2
1.681813E+0	4.585625E-2
1.682874E+0	4.651932E-2
1.683992E+0	4.720131E-2
1.685111E+0	4.787058E-2
1.686203E+0	4.856463E-2
1.687268E+0	4.927005E-2
1.688352E+0	4.998705E-2
1.689441E+0	5.071839E-2
1.690500E+0	5.144442E-2
1.691613E+0	5.219010E-2
1.692748E+0	5.294921E-2
1.693852E+0	5.370544E-2
1.694960E+0	5.447387E-2
1.696064E+0	5.525091E-2
1.697170E+0	5.605532E-2
1.698267E+0	5.687731E-2
1.699339E+0	5.769084E-2
1.700405E+0	5.853068E-2
1.701555E+0	5.935815E-2
1.702626E+0	6.020340E-2
1.703719E+0	6.106445E-2
1.704855E+0	6.192497E-2
1.705936E+0	6.280646E-2
1.707019E+0	6.368161E-2
1.708186E+0	6.458676E-2
1.709261E+0	6.549100E-2
1.710388E+0	6.640965E-2
1.711523E+0	6.732591E-2
1.712635E+0	6.827396E-2
1.713755E+0	6.922665E-2
1.714805E+0	7.017970E-2
1.715929E+0	7.115627E-2
1.717077E+0	7.212986E-2
1.718154E+0	7.312712E-2
1.719314E+0	7.413006E-2
1.720411E+0	7.514796E-2
1.721544E+0	7.618505E-2
1.722627E+0	7.721123E-2
1.723753E+0	7.823487E-2
1.724842E+0	7.927245E-2
1.726002E+0	8.034663E-2
1.727126E+0	8.140894E-2
1.728258E+0	8.247774E-2
1.729366E+0	8.356554E-2
1.730499E+0	8.466847E-2
1.731674E+0	8.575492E-2
1.732760E+0	8.687581E-2
1.733941E+0	8.798405E-2
1.735006E+0	8.909673E-2
1.736133E+0	9.026616E-2
1.737266E+0	9.139549E-2
1.738415E+0	9.253065E-2
1.739591E+0	9.369262E-2
1.740666E+0	9.485065E-2
1.741842E+0	9.601308E-2
1.742928E+0	9.719930E-2
1.744060E+0	9.837913E-2
1.745239E+0	9.956091E-2
1.746397E+0	1.007577E-1
1.747497E+0	1.019731E-1
1.748649E+0	1.032193E-1
1.749809E+0	1.044370E-1
1.750915E+0	1.056503E-1
1.752045E+0	1.068846E-1
1.753212E+0	1.081198E-1
1.754343E+0	1.093759E-1
1.755495E+0	1.106605E-1
1.756670E+0	1.119098E-1
1.757814E+0	1.131766E-1
1.758941E+0	1.144627E-1
1.760056E+0	1.157531E-1
1.761174E+0	1.170617E-1
1.762314E+0	1.183595E-1
1.763455E+0	1.196240E-1
1.764640E+0	1.209372E-1
1.765735E+0	1.222391E-1
1.766902E+0	1.235817E-1
1.768095E+0	1.249009E-1
1.769219E+0	1.262136E-1
1.770388E+0	1.276100E-1
1.771516E+0	1.289418E-1
1.772693E+0	1.303162E-1
1.773864E+0	1.316379E-1
1.774987E+0	1.330160E-1
1.776166E+0	1.343584E-1
1.777313E+0	1.357048E-1
1.778452E+0	1.371085E-1
1.779623E+0	1.385049E-1
1.780787E+0	1.399190E-1
1.781955E+0	1.412840E-1
1.783080E+0	1.426908E-1
1.784266E+0	1.440797E-1
1.785372E+0	1.454675E-1
1.786543E+0	1.468708E-1
1.787707E+0	1.482825E-1
1.788867E+0	1.497495E-1
1.790000E+0	1.511871E-1
1.791220E+0	1.526254E-1
1.792323E+0	1.540403E-1
1.793503E+0	1.554809E-1
1.794713E+0	1.569009E-1
1.795826E+0	1.583647E-1
1.796972E+0	1.598250E-1
1.798160E+0	1.612812E-1
1.798465E+0	1.615858E-1
1.797322E+0	1.600036E-1
1.796185E+0	1.585242E-1
1.795064E+0	1.569730E-1
1.793877E+0	1.555596E-1
1.792699E+0	1.540788E-1
1.791586E+0	1.525795E-1
1.790443E+0	1.510846E-1
1.789277E+0	1.495952E-1
1.788123E+0	1.481276E-1
1.786961E+0	1.466798E-1
1.785865E+0	1.452603E-1
1.784681E+0	1.437472E-1
1.783517E+0	1.423151E-1
1.782367E+0	1.408798E-1
1.781248E+0	1.394400E-1
1.780113E+0	1.379619E-1
1.778953E+0	1.365898E-1
1.777830E+0	1.352205E-1
1.776663E+0	1.338284E-1
1.775529E+0	1.324200E-1
1.774373E+0	1.310681E-1
1.773286E+0	1.295779E-1
1.772125E+0	1.282238E-1
1.770997E+0	1.269106E-1
1.769869E+0	1.254969E-1
1.768678E+0	1.241297E-1
1.767569E+0	1.227748E-1
1.766427E+0	1.214619E-1
1.765248E+0	1.200899E-1
1.764119E+0	1.187696E-1
1.763012E+0	1.174206E-1
1.761854E+0	1.160722E-1
1.760792E+0	1.147472E-1
1.759681E+0	1.134295E-1
1.758545E+0	1.121586E-1
1.757426E+0	1.108368E-1
1.756309E+0	1.096120E-1
1.755133E+0	1.083347E-1
1.754041E+0	1.070357E-1
1.752859E+0	1.057591E-1
1.751766E+0	1.045094E-1
1.750622E+0	1.032416E-1
1.749505E+0	1.020048E-1
1.748412E+0	1.007491E-1
1.747270E+0	9.950347E-2
1.746123E+0	9.828356E-2
1.744990E+0	9.708474E-2
1.743849E+0	9.587916E-2
1.742776E+0	9.467995E-2
1.741667E+0	9.347847E-2
1.740534E+0	9.229252E-2
1.739398E+0	9.112368E-2
1.738314E+0	8.995035E-2
1.737184E+0	8.881103E-2
1.736065E+0	8.764738E-2
1.734992E+0	8.651161E-2
1.733849E+0	8.538922E-2
1.732761E+0	8.428808E-2
1.731631E+0	8.318837E-2
1.730505E+0	8.208405E-2
1.729439E+0	8.097928E-2
1.728276E+0	7.988487E-2
1.727217E+0	7.878945E-2
1.726101E+0	7.772610E-2
1.724998E+0	7.664104E-2
1.723905E+0	7.558805E-2
1.722767E+0	7.454867E-2
1.721692E+0	7.349760E-2
1.720596E+0	7.247985E-2
1.719490E+0	7.146428E-2
1.718406E+0	7.046675E-2
1.717320E+0	6.947573E-2
1.716214E+0	6.848979E-2
1.715131E+0	6.750444E-2
1.714032E+0	6.654726E-2
1.712906E+0	6.560129E-2
1.711815E+0	6.465925E-2
1.710757E+0	6.371853E-2
1.709638E+0	6.281973E-2
1.708532E+0	6.190737E-2
1.707463E+0	6.101720E-2
1.706382E+0	6.012487E-2
1.705287E+0	5.924523E-2
1.704188E+0	5.838474E-2
1.703150E+0	5.753138E-2
1.702017E+0	5.668757E-2
1.700951E+0	5.585506E-2
1.699860E+0	5.503194E-2
1.698803E+0	5.421608E-2
1.697728E+0	5.342852E-2
1.696686E+0	5.264652E-2
1.695559E+0	5.187316E-2
1.694482E+0	5.110494E-2
1.693396E+0	5.035069E-2
1.692332E+0	4.960298E-2
1.691256E+0	4.886342E-2
1.690167E+0	4.813984E-2
1.689111E+0	4.742125E-2
1.688047E+0	4.671281E-2
1.687011E+0	4.602985E-2
1.685901E+0	4.535285E-2
1.684835E+0	4.467996E-2
1.683749E+0	4.402363E-2
1.682707E+0	4.337905E-2
1.681651E+0	4.273850E-2
1.680547E+0	4.211563E-2
1.679529E+0	4.149593E-2
1.678435E+0	4.089402E-2
1.677417E+0	4.030168E-2
1.676362E+0	3.972146E-2
1.675294E+0	3.914298E-2
1.674280E+0	3.857562E-2
1.673220E+0	3.803368E-2
1.672177E+0	3.748841E-2
1.671098E+0	3.696976E-2
1.670041E+0	3.644938E-2
1.668979E+0	3.594330E-2
1.667960E+0	3.544517E-2
1.666934E+0	3.494670E-2
1.665879E+0	3.446883E-2
1.664823E+0	3.400007E-2
1.663781E+0	3.354503E-2
1.662683E+0	3.309724E-2
1.661617E+0	3.265642E-2
1.660575E+0	3.222711E-2
1.659567E+0	3.180700E-2
1.658517E+0	3.139557E-2
1.657497E+0	3.099262E-2
1.656509E+0	3.059781E-2
1.655421E+0	3.020797E-2
1.654391E+0	2.983300E-2
1.653330E+0	2.947027E-2
1.652343E+0	2.910248E-2
1.651287E+0	2.874715E-2
1.650225E+0	2.840804E-2
1.649184E+0	2.807715E-2
1.648169E+0	2.775043E-2
1.647106E+0	2.742221E-2
1.646078E+0	2.710991E-2
1.645037E+0	2.680788E-2
1.644032E+0	2.650619E-2
1.642974E+0	2.621803E-2
1.641968E+0	2.594044E-2
1.640900E+0	2.566826E-2
1.639917E+0	2.539631E-2
1.638883E+0	2.513490E-2
1.637810E+0	2.488568E-2
1.636875E+0	2.463270E-2
1.635817E+0	2.439336E-2
1.634835E+0	2.415255E-2
1.633770E+0	2.392843E-2
1.632773E+0	2.369732E-2
1.631733E+0	2.348124E-2
1.630722E+0	2.327070E-2
1.629640E+0	2.306682E-2
1.628618E+0	2.286357E-2
1.627631E+0	2.266694E-2
1.626605E+0	2.247564E-2
1.625575E+0	2.229576E-2
1.624602E+0	2.211104E-2
1.623576E+0	2.193767E-2
1.622538E+0	2.177020E-2
1.621527E+0	2.160620E-2
1.620457E+0	2.145115E-2
1.619472E+0	2.129703E-2
1.618462E+0	2.114442E-2
1.617444E+0	2.099681E-2
1.616402E+0	2.086386E-2
1.615402E+0	2.074533E-2
1.614397E+0	2.059427E-2
1.613396E+0	2.045862E-2
1.612367E+0	2.032838E-2
1.611365E+0	2.020710E-2
1.610314E+0	2.009209E-2
1.609347E+0	1.996767E-2
1.608324E+0	1.985843E-2
1.607274E+0	1.975546E-2
1.606257E+0	1.964606E-2
1.605084E+0	1.953901E-2
1.604232E+0	1.944640E-2
1.603186E+0	1.934723E-2
1.602195E+0	1.925158E-2
1.601112E+0	8.476773E-2
1.600047E+0	1.921300E-2
1.599008E+0	1.910284E-2
1.598012E+0	1.901097E-2
1.597006E+0	1.892858E-2
1.595995E+0	1.885010E-2
1.594982E+0	1.877502E-2
1.593953E+0	1.870138E-2
1.592965E+0	1.863214E-2
1.591964E+0	1.856456E-2
1.590926E+0	1.849757E-2
1.589958E+0	1.843390E-2
1.588910E+0	1.837428E-2
1.587923E+0	1.831503E-2
1.586934E+0	1.825726E-2
1.585915E+0	1.820249E-2
1.584862E+0	1.814810E-2
1.583866E+0	1.809531E-2
1.582830E+0	1.804584E-2
1.581839E+0	1.799749E-2
1.580827E+0	1.795206E-2
1.579816E+0	1.790669E-2
1.578830E+0	1.786352E-2
1.577798E+0	1.782220E-2
1.576817E+0	1.778273E-2
1.575803E+0	1.774452E-2
1.574806E+0	1.770801E-2
1.573785E+0	1.767269E-2
1.572787E+0	1.763759E-2
1.571768E+0	1.760616E-2
1.570754E+0	1.757476E-2
1.569741E+0	1.754491E-2
1.568736E+0	1.751567E-2
1.567750E+0	1.748731E-2
1.566752E+0	1.745897E-2
1.565745E+0	1.743287E-2
1.564733E+0	1.740810E-2
1.563714E+0	1.738477E-2
1.562680E+0	1.736169E-2
1.561686E+0	1.733975E-2
1.560688E+0	1.731896E-2
1.559697E+0	1.729989E-2
1.558670E+0	1.728050E-2
1.557634E+0	1.726293E-2
1.556638E+0	1.724526E-2
1.555651E+0	1.722821E-2
1.554643E+0	1.721136E-2
1.553691E+0	1.719519E-2
1.552701E+0	1.717924E-2
1.551668E+0	1.716502E-2
1.550658E+0	1.715198E-2
1.549617E+0	1.713978E-2
1.548647E+0	1.712813E-2
1.547648E+0	1.711543E-2
1.546599E+0	1.710426E-2
1.545612E+0	1.709366E-2
1.544630E+0	1.708757E-2
1.543633E+0	1.707979E-2
1.542625E+0	1.707011E-2
1.541577E+0	1.706081E-2
1.540569E+0	1.705435E-2
1.539609E+0	1.704808E-2
1.538601E+0	1.704050E-2
1.537540E+0	1.703491E-2
1.536578E+0	1.702853E-2
1.535558E+0	1.702373E-2
1.534527E+0	1.701711E-2
1.533551E+0	1.701244E-2
1.532526E+0	1.700805E-2
1.531561E+0	1.700488E-2
1.530530E+0	1.700211E-2
1.529506E+0	1.699996E-2
1.528556E+0	1.699775E-2
1.527518E+0	1.699705E-2
1.526506E+0	1.699774E-2
1.525517E+0	1.699965E-2
1.524517E+0	1.700308E-2
1.523506E+0	1.700606E-2
1.522484E+0	1.700893E-2
1.521454E+0	1.701184E-2
1.520453E+0	1.701542E-2
1.519478E+0	1.702080E-2
1.518484E+0	1.702614E-2
1.517464E+0	1.703116E-2
1.516492E+0	1.703812E-2
1.515454E+0	1.704617E-2
1.514462E+0	1.705469E-2
1.513486E+0	1.706418E-2
1.512446E+0	1.707544E-2
1.511465E+0	1.708604E-2
1.510477E+0	1.709836E-2
1.509427E+0	1.711227E-2
1.508467E+0	1.712559E-2
1.507452E+0	1.714141E-2
1.506426E+0	1.715757E-2
1.505440E+0	1.717397E-2
1.504444E+0	1.719227E-2
1.503460E+0	1.721149E-2
1.502401E+0	1.723135E-2
1.501393E+0	1.725307E-2
1.500433E+0	1.727621E-2
1.499437E+0	1.730092E-2
1.498386E+0	1.732740E-2
1.497459E+0	1.735389E-2
1.496411E+0	1.738262E-2
1.495445E+0	1.741185E-2
1.494407E+0	1.744353E-2
1.493392E+0	1.747608E-2
1.492394E+0	1.750911E-2
1.491401E+0	1.754527E-2
1.490412E+0	1.758111E-2
1.489377E+0	1.761941E-2
1.488373E+0	1.765919E-2
1.487405E+0	1.769893E-2
1.486422E+0	1.774129E-2
1.485434E+0	1.778381E-2
1.484402E+0	1.782892E-2
1.483372E+0	1.787579E-2
1.482354E+0	1.792300E-2
1.481380E+0	1.797076E-2
1.480343E+0	1.802028E-2
1.479384E+0	1.807093E-2
1.478338E+0	1.812327E-2
1.477343E+0	1.817602E-2
1.476348E+0	1.823094E-2
1.475384E+0	1.828694E-2
1.474348E+0	1.834437E-2
1.473342E+0	1.840313E-2
1.472359E+0	1.846216E-2
1.471378E+0	1.852290E-2
1.470424E+0	1.858407E-2
1.469386E+0	1.864777E-2
1.468367E+0	1.871155E-2
1.467418E+0	1.877602E-2
1.466399E+0	1.884248E-2
1.465438E+0	1.890778E-2
1.464402E+0	1.897488E-2
1.463405E+0	1.904250E-2
1.462425E+0	1.911067E-2
1.461405E+0	1.917798E-2
1.460419E+0	1.924832E-2
1.459381E+0	1.931786E-2
1.458399E+0	1.938753E-2
1.457391E+0	1.945754E-2
1.456400E+0	1.952777E-2
1.455451E+0	1.959887E-2
1.454412E+0	1.967192E-2
1.453396E+0	1.974462E-2
1.452435E+0	1.981711E-2
1.451443E+0	1.989082E-2
1.450447E+0	1.996389E-2
1.449442E+0	2.003792E-2
1.448477E+0	2.011128E-2
1.447449E+0	2.018523E-2
1.446463E+0	2.025959E-2
1.445420E+0	2.033446E-2
1.444428E+0	2.040747E-2
1.443422E+0	2.048024E-2
1.442469E+0	2.055296E-2
1.441473E+0	2.062620E-2
1.440474E+0	2.069948E-2
1.439431E+0	2.077270E-2
1.438434E+0	2.084496E-2
1.437455E+0	2.091658E-2
1.436464E+0	2.098763E-2
1.435434E+0	2.106025E-2
1.434420E+0	2.113225E-2
1.433412E+0	2.120329E-2
1.432420E+0	2.127463E-2
1.431468E+0	2.134480E-2
1.430469E+0	2.141406E-2
1.429527E+0	2.148270E-2
1.428519E+0	2.155149E-2
1.427523E+0	2.161841E-2
1.426469E+0	2.168632E-2
1.425516E+0	2.175294E-2
1.424490E+0	2.182026E-2
1.423469E+0	2.188551E-2
1.422482E+0	2.195049E-2
1.421489E+0	2.201360E-2
1.420494E+0	2.207723E-2
1.419499E+0	2.213921E-2
1.418511E+0	2.220033E-2
1.417477E+0	2.226193E-2
1.416478E+0	2.232129E-2
1.415464E+0	2.238075E-2
1.414450E+0	2.243879E-2
1.413473E+0	2.249510E-2
1.412497E+0	2.255040E-2
1.411493E+0	2.260527E-2
1.410467E+0	2.265944E-2
1.409474E+0	2.271175E-2
1.408461E+0	2.276377E-2
1.407465E+0	2.281483E-2
1.406439E+0	2.286482E-2
1.405445E+0	2.291350E-2
1.404469E+0	2.296145E-2
1.403490E+0	2.300787E-2
1.402453E+0	2.305267E-2
1.401469E+0	2.309654E-2
1.400463E+0	2.313867E-2
1.399431E+0	2.317976E-2
1.398435E+0	2.321961E-2
1.397416E+0	2.325844E-2
1.396455E+0	2.329524E-2
1.395444E+0	2.333128E-2
1.394467E+0	2.336666E-2
1.393478E+0	2.339992E-2
1.392437E+0	2.343334E-2
1.391470E+0	2.346464E-2
1.390442E+0	2.349558E-2
1.389424E+0	2.352428E-2
1.388482E+0	2.355265E-2
1.387438E+0	2.357928E-2
1.386450E+0	2.360506E-2
1.385463E+0	2.362814E-2
1.384455E+0	2.364974E-2
1.383499E+0	2.366912E-2
1.382496E+0	2.368877E-2
1.381469E+0	2.370659E-2
1.380470E+0	2.372447E-2
1.379423E+0	2.374104E-2
1.378433E+0	2.375558E-2
1.377415E+0	2.376857E-2
1.376390E+0	2.378044E-2
1.375387E+0	2.379012E-2
1.374394E+0	2.379844E-2
1.373427E+0	2.380473E-2
1.372422E+0	2.381087E-2
1.371390E+0	2.381483E-2
1.370378E+0	2.381722E-2
1.369414E+0	2.381765E-2
1.368408E+0	2.381603E-2
1.367393E+0	2.381359E-2
1.366385E+0	2.380892E-2
1.365371E+0	2.380322E-2
1.364345E+0	2.379570E-2
1.363337E+0	2.378697E-2
1.362332E+0	2.377655E-2
1.361316E+0	2.376537E-2
1.360331E+0	2.375261E-2
1.359320E+0	2.373832E-2
1.358300E+0	2.372242E-2
1.357323E+0	2.370504E-2
1.356309E+0	2.368710E-2
1.355282E+0	2.366687E-2
1.354281E+0	2.364607E-2
1.353289E+0	2.362393E-2
1.352261E+0	2.360032E-2
1.351285E+0	2.357409E-2
1.350239E+0	2.354812E-2
1.349272E+0	2.352014E-2
1.348290E+0	2.349126E-2
1.347264E+0	2.346087E-2
1.346286E+0	2.342936E-2
1.345254E+0	2.339580E-2
1.344293E+0	2.336138E-2
1.343234E+0	2.332579E-2
1.342248E+0	2.328762E-2
1.341243E+0	2.324902E-2
1.340209E+0	2.320998E-2
1.339221E+0	2.316891E-2
1.338226E+0	2.312653E-2
1.337235E+0	2.308402E-2
1.336178E+0	2.303913E-2
1.335166E+0	2.299274E-2
1.334140E+0	2.294560E-2
1.333142E+0	2.289755E-2
1.332179E+0	2.284848E-2
1.331124E+0	2.279842E-2
1.330123E+0	2.274739E-2
1.329130E+0	2.269476E-2
1.328159E+0	2.264081E-2
1.327114E+0	2.258723E-2
1.326098E+0	2.253136E-2
1.325118E+0	2.247395E-2
1.324088E+0	2.241589E-2
1.323091E+0	2.235735E-2
1.322094E+0	2.229793E-2
1.321088E+0	2.223726E-2
1.320063E+0	2.217565E-2
1.319034E+0	2.211428E-2
1.318085E+0	2.205024E-2
1.317044E+0	2.198746E-2
1.316026E+0	2.192348E-2
1.315071E+0	2.185880E-2
1.314018E+0	2.179232E-2
1.313030E+0	2.172472E-2
1.312006E+0	2.165676E-2
1.310962E+0	2.158854E-2
1.309982E+0	2.151883E-2
1.308920E+0	2.144936E-2
1.307935E+0	2.137794E-2
1.306966E+0	2.130705E-2
1.305953E+0	2.123469E-2
1.304940E+0	2.116183E-2
1.303939E+0	2.108786E-2
1.302961E+0	2.101280E-2
1.301905E+0	2.093764E-2
1.300903E+0	2.086136E-2
1.299900E+0	2.078511E-2
1.298884E+0	2.070735E-2
1.297853E+0	2.063012E-2
1.296835E+0	2.055180E-2
1.295879E+0	2.047306E-2
1.294850E+0	2.039400E-2
1.293856E+0	2.031405E-2
1.292794E+0	2.023437E-2
1.291803E+0	2.015346E-2
1.290774E+0	2.007225E-2
1.289782E+0	1.999101E-2
1.288779E+0	1.990892E-2
1.287744E+0	1.982759E-2
1.286761E+0	1.974477E-2
1.285770E+0	1.966138E-2
1.284742E+0	1.957968E-2
1.283749E+0	1.949576E-2
1.282730E+0	1.941090E-2
1.281704E+0	1.932615E-2
1.280727E+0	1.924260E-2
1.279722E+0	1.915672E-2
1.278698E+0	1.907212E-2
1.277690E+0	1.898649E-2
1.276660E+0	1.890055E-2
1.275688E+0	1.881400E-2
1.274611E+0	1.872675E-2
1.273656E+0	1.864007E-2
1.272605E+0	1.855321E-2
1.271630E+0	1.846491E-2
1.270582E+0	1.837786E-2
1.269582E+0	1.828975E-2
1.268564E+0	1.820181E-2
1.267587E+0	1.811314E-2
1.266565E+0	1.802407E-2
1.265554E+0	1.793593E-2
1.264551E+0	1.784737E-2
1.263571E+0	1.775830E-2
1.262527E+0	1.766971E-2
1.261541E+0	1.757962E-2
1.260542E+0	1.748954E-2
1.259538E+0	1.740052E-2
1.258501E+0	1.731084E-2
1.257483E+0	1.722054E-2
1.256460E+0	1.713020E-2
1.255487E+0	1.704010E-2
1.254458E+0	1.694971E-2
1.253422E+0	1.685906E-2
1.252406E+0	1.676876E-2
1.251409E+0	1.667842E-2
1.250381E+0	1.658839E-2
1.249387E+0	1.649758E-2
1.248379E+0	1.640711E-2
1.247359E+0	1.631606E-2
1.246388E+0	1.622420E-2
1.245335E+0	1.613358E-2
1.244331E+0	1.604173E-2
1.243361E+0	1.595006E-2
1.242323E+0	1.585752E-2
1.241271E+0	1.576620E-2
1.240310E+0	1.567431E-2
1.239259E+0	1.558275E-2
1.238233E+0	1.549088E-2
1.237259E+0	1.539857E-2
1.236250E+0	1.530687E-2
1.235202E+0	1.521546E-2
1.234187E+0	1.512296E-2
1.233184E+0	1.503033E-2
1.232155E+0	1.493904E-2
1.231187E+0	1.484595E-2
1.230160E+0	1.475414E-2
1.229122E+0	1.466179E-2
1.228093E+0	1.456990E-2
1.227113E+0	1.447714E-2
1.226114E+0	1.438423E-2
1.225088E+0	1.429183E-2
1.224097E+0	1.419972E-2
1.223134E+0	1.410625E-2
1.222126E+0	1.401462E-2
1.221101E+0	1.392035E-2
1.220081E+0	1.382872E-2
1.219074E+0	1.373545E-2
1.218027E+0	1.364252E-2
1.217021E+0	1.354982E-2
1.215984E+0	1.345727E-2
1.215017E+0	1.336394E-2
1.213996E+0	1.327248E-2
1.212990E+0	1.317991E-2
1.211965E+0	1.308731E-2
1.210939E+0	1.299494E-2
1.209907E+0	1.290197E-2
1.208892E+0	1.280906E-2
1.207878E+0	1.271696E-2
1.206879E+0	1.262457E-2
1.205844E+0	1.253273E-2
1.204892E+0	1.243921E-2
1.203849E+0	1.234701E-2
1.202847E+0	1.225496E-2
1.201857E+0	1.216179E-2
1.200841E+0	1.206943E-2
1.199837E+0	1.197641E-2
1.198829E+0	1.188405E-2
1.197810E+0	1.179209E-2
1.196821E+0	1.169951E-2
1.195816E+0	1.160671E-2
1.194789E+0	1.151364E-2
1.193770E+0	1.142157E-2
1.192723E+0	1.132872E-2
1.191697E+0	1.123637E-2
1.190708E+0	1.114349E-2
1.189662E+0	1.105142E-2
1.188657E+0	1.095881E-2
1.187654E+0	1.086649E-2
1.186671E+0	1.077543E-2
1.185636E+0	1.068288E-2
1.184627E+0	1.059087E-2
1.183653E+0	1.049796E-2
1.182646E+0	1.040677E-2
1.181647E+0	1.031483E-2
1.180647E+0	1.022163E-2
1.179593E+0	1.012981E-2
1.178617E+0	1.003817E-2
1.177602E+0	9.947024E-3
1.176615E+0	9.855341E-3
1.175564E+0	9.764066E-3
1.174543E+0	9.671694E-3
1.173569E+0	9.579575E-3
1.172549E+0	9.487779E-3
1.171491E+0	9.397845E-3
1.170477E+0	9.307406E-3
1.169503E+0	9.214938E-3
1.168456E+0	9.124465E-3
1.167439E+0	9.032949E-3
1.166490E+0	8.941465E-3
1.165471E+0	8.850630E-3
1.164463E+0	8.764173E-3
1.163460E+0	8.675794E-3
1.162394E+0	8.584543E-3
1.161440E+0	8.493618E-3
1.160351E+0	8.404086E-3
1.159381E+0	8.311246E-3
1.158335E+0	8.220529E-3
1.157346E+0	8.131103E-3
1.156366E+0	8.041021E-3
1.155345E+0	7.952107E-3
1.154347E+0	7.861479E-3
1.153354E+0	7.772418E-3
1.152318E+0	7.682383E-3
1.151283E+0	7.593154E-3
1.150248E+0	7.504860E-3
1.149264E+0	7.415191E-3
1.148250E+0	7.326262E-3
1.147218E+0	7.237782E-3
1.146236E+0	7.149435E-3
1.145223E+0	7.061914E-3
1.144254E+0	6.973397E-3
1.143232E+0	6.885360E-3
1.142188E+0	6.797935E-3
1.141238E+0	6.710166E-3
1.140184E+0	6.623741E-3
1.139180E+0	6.536415E-3
1.138194E+0	6.448937E-3
1.137144E+0	6.362128E-3
1.136157E+0	6.276830E-3
1.135157E+0	6.190222E-3
1.134172E+0	6.104268E-3
1.133133E+0	6.018275E-3
1.132151E+0	5.933359E-3
1.131106E+0	5.849392E-3
1.130117E+0	5.764794E-3
1.129059E+0	5.680175E-3
1.128071E+0	5.595838E-3
1.127039E+0	5.512265E-3
1.126035E+0	5.428747E-3
1.125052E+0	5.345143E-3
1.124009E+0	5.263237E-3
1.123032E+0	5.180497E-3
1.121976E+0	5.097934E-3
1.121013E+0	5.016597E-3
1.120022E+0	4.936200E-3
1.118993E+0	4.855417E-3
1.117980E+0	4.775029E-3
1.116938E+0	4.695925E-3
1.115896E+0	4.617075E-3
1.114890E+0	4.538066E-3
1.113854E+0	4.459135E-3
1.112878E+0	4.381443E-3
1.111818E+0	4.303970E-3
1.110861E+0	4.226590E-3
1.109851E+0	4.151009E-3
1.108831E+0	4.074705E-3
1.107795E+0	4.000153E-3
1.106758E+0	3.925288E-3
1.105767E+0	3.850395E-3
1.104718E+0	3.777716E-3
1.103697E+0	3.704935E-3
1.102727E+0	3.632381E-3
1.101685E+0	3.560958E-3
1.100708E+0	3.489716E-3
1.099761E+0	3.419235E-3
1.098702E+0	3.349889E-3
1.097724E+0	3.280496E-3
1.096653E+0	3.212732E-3
1.095654E+0	3.145137E-3
1.094655E+0	3.077488E-3
1.093653E+0	3.011328E-3
1.092637E+0	2.945750E-3
1.091578E+0	2.880743E-3
1.090588E+0	2.816489E-3
1.089576E+0	2.753327E-3
1.088600E+0	2.690648E-3
1.087559E+0	2.628868E-3
1.086567E+0	2.567828E-3
1.085527E+0	2.507892E-3
1.084488E+0	2.448729E-3
1.083507E+0	2.389792E-3
1.082498E+0	2.331773E-3
1.081476E+0	2.274281E-3
1.080478E+0	2.218154E-3
1.079473E+0	2.163153E-3
1.078409E+0	2.109364E-3
1.077399E+0	2.055257E-3
1.076434E+0	2.002235E-3
1.075400E+0	1.950666E-3
1.074438E+0	1.899553E-3
1.073322E+0	1.838876E-2
1.072337E+0	1.788970E-3
1.071301E+0	1.740751E-3
1.070309E+0	1.693387E-3
1.069297E+0	1.646992E-3
1.068255E+0	1.601257E-3
1.067266E+0	1.556830E-3
1.066255E+0	1.512903E-3
1.065209E+0	1.470156E-3
1.064258E+0	1.427790E-3
1.063251E+0	1.386382E-3
1.062203E+0	1.346061E-3
1.061226E+0	1.306492E-3
1.060201E+0	1.267991E-3
1.059245E+0	1.230441E-3
1.058211E+0	1.193444E-3
1.057206E+0	1.157309E-3
1.056187E+0	1.122074E-3
1.055204E+0	1.087540E-3
1.054213E+0	1.053931E-3
1.053175E+0	1.021126E-3
1.052214E+0	9.889716E-4
1.051161E+0	9.576128E-4
1.050150E+0	9.270976E-4
1.049168E+0	8.974214E-4
1.048129E+0	8.685012E-4
1.047098E+0	8.401555E-4
1.046123E+0	8.127023E-4
1.045125E+0	7.859671E-4
1.044127E+0	7.600622E-4
1.043135E+0	7.348846E-4
1.042132E+0	7.102760E-4
1.041115E+0	6.863321E-4
1.040092E+0	6.632767E-4
1.039118E+0	6.407156E-4
1.038131E+0	6.188652E-4
1.037084E+0	5.976145E-4
1.036139E+0	5.770331E-4
1.035062E+0	5.571967E-4
1.034050E+0	5.379579E-4
1.033039E+0	5.193337E-4
1.032075E+0	5.013608E-4
1.031062E+0	4.839390E-4
1.030064E+0	4.668234E-4
1.029040E+0	4.501047E-4
1.028052E+0	4.337876E-4
1.027074E+0	4.179404E-4
1.026032E+0	4.027444E-4
1.025047E+0	3.879959E-4
1.023989E+0	3.737983E-4
1.023035E+0	3.599825E-4
1.022026E+0	3.467340E-4
1.020952E+0	3.340772E-4
1.019960E+0	3.217590E-4
1.018973E+0	3.099249E-4
1.018034E+0	2.985518E-4
1.017046E+0	2.876274E-4
1.016026E+0	2.770824E-4
1.015027E+0	2.668158E-4
1.014040E+0	2.570022E-4
1.012964E+0	2.475290E-4
1.011972E+0	2.384206E-4
1.010996E+0	2.295405E-4
1.009948E+0	2.211125E-4
1.008981E+0	2.129077E-4
1.007933E+0	2.051281E-4
1.006998E+0	1.974660E-4
1.005978E+0	1.902071E-4
1.004984E+0	1.831738E-4
1.003882E+0	1.391529E-3
1.002870E+0	1.690320E-4
1.001824E+0	1.627940E-4
1.000844E+0	1.567578E-4
9.998584E-1	1.509887E-4
9.988139E-1	1.454495E-4
9.978522E-1	1.401058E-4
9.968577E-1	1.349721E-4
9.958895E-1	1.300261E-4
9.948605E-1	1.252772E-4
9.938707E-1	1.207229E-4
9.928679E-1	1.163281E-4
9.918592E-1	1.121060E-4
9.908368E-1	1.080710E-4
9.898047E-1	1.041750E-4
9.888055E-1	1.004197E-4
9.878281E-1	9.679958E-5
9.868095E-1	9.334309E-5
9.858666E-1	9.000759E-5
9.848180E-1	8.678970E-5
9.838147E-1	8.371032E-5
9.828395E-1	8.075597E-5
9.817994E-1	7.791049E-5
9.807787E-1	7.518485E-5
9.797861E-1	7.255613E-5
9.787736E-1	7.001905E-5
9.777812E-1	6.758905E-5
9.767918E-1	6.525532E-5
9.758171E-1	6.301064E-5
9.748327E-1	6.084177E-5
9.738310E-1	5.879275E-5
9.727928E-1	5.678690E-5
9.718345E-1	5.488468E-5
9.707617E-1	5.303130E-5
9.698123E-1	5.125015E-5
9.687778E-1	4.951329E-5
9.677905E-1	4.787848E-5
9.667685E-1	4.630333E-5
9.657623E-1	4.478372E-5
9.647807E-1	4.330279E-5
9.637582E-1	4.189542E-5
9.627609E-1	4.053344E-5
9.617428E-1	3.922805E-5
9.607243E-1	3.796807E-5
9.597785E-1	3.674679E-5
9.587476E-1	3.557946E-5
9.577590E-1	3.444889E-5
9.567225E-1	3.336138E-5
9.557363E-1	3.231308E-5
9.547201E-1	3.129457E-5
9.537255E-1	3.032268E-5
9.527096E-1	2.937222E-5
9.517368E-1	2.846866E-5
9.507244E-1	2.759193E-5
9.497347E-1	2.674474E-5
9.487393E-1	2.593045E-5
9.477112E-1	2.514155E-5
9.466326E-1	1.764285E-4
9.455945E-1	2.375425E-5
9.445796E-1	2.304409E-5
9.436050E-1	2.236148E-5
9.425996E-1	2.169088E-5
9.416097E-1	2.104725E-5
9.405970E-1	2.042348E-5
9.396011E-1	1.981729E-5
9.386043E-1	1.922360E-5
9.376366E-1	1.866928E-5
9.366045E-1	1.812193E-5
9.356431E-1	1.759101E-5
9.346463E-1	1.706617E-5
9.336184E-1	1.656814E-5
9.326220E-1	1.607259E-5
9.316326E-1	1.560250E-5
9.306026E-1	1.513621E-5
9.296525E-1	1.469697E-5
9.286322E-1	1.425995E-5
9.276255E-1	1.383571E-5
9.266218E-1	1.341822E-5
9.255914E-1	1.301031E-5
9.246020E-1	1.261907E-5
9.236055E-1	1.222404E-5
9.225701E-1	1.185345E-5
9.216121E-1	1.146980E-5
9.206020E-1	1.108312E-5
9.195823E-1	1.070967E-5
9.185746E-1	1.034823E-5
9.175590E-1	1.000359E-5
9.165558E-1	9.666870E-6
9.156110E-1	9.346309E-6
9.145821E-1	9.035464E-6
9.135627E-1	8.736567E-6
9.125830E-1	8.445935E-6
9.115623E-1	8.162054E-6
9.105912E-1	7.874877E-6
9.095467E-1	7.588665E-6
9.085708E-1	7.319082E-6
9.075637E-1	7.036945E-6
9.065260E-1	6.753037E-6
9.055221E-1	6.466421E-6
9.045299E-1	6.199817E-6
9.035140E-1	5.921644E-6
9.025435E-1	5.669051E-6
9.015448E-1	5.422187E-6
9.005192E-1	5.179583E-6
8.995250E-1	4.943122E-6
8.985004E-1	4.708341E-6
8.974690E-1	4.477815E-6
8.965191E-1	4.234696E-6
8.954776E-1	3.989022E-6
8.945256E-1	3.745020E-6
8.935612E-1	3.516202E-6
8.925196E-1	3.307198E-6
8.915093E-1	3.087538E-6
8.905318E-1	2.889074E-6
8.895008E-1	2.701726E-6
8.884963E-1	2.514710E-6
8.875237E-1	2.324042E-6
8.864719E-1	2.143132E-6
8.854706E-1	1.964310E-6
8.845119E-1	1.783463E-6
8.835205E-1	1.607407E-6
8.824747E-1	1.429551E-6
8.814856E-1	1.263447E-6
8.804656E-1	1.096322E-6
8.794657E-1	9.191775E-7
8.784636E-1	7.474160E-7
8.774800E-1	5.640625E-7
8.764696E-1	3.793607E-7
8.754571E-1	1.874337E-7
8.744729E-1	-1.377377E-8
8.735042E-1	-2.296969E-7
8.725016E-1	-4.417300E-7
8.714498E-1	-6.480875E-7
8.704282E-1	-8.323569E-7
8.694355E-1	-1.008651E-6
8.684784E-1	-1.173635E-6
8.674960E-1	-1.337298E-6
8.664642E-1	-1.500340E-6
8.654789E-1	-1.660569E-6
8.644606E-1	-1.822698E-6
8.634226E-1	-1.986888E-6
8.624548E-1	-2.166688E-6
8.613988E-1	-2.342024E-6
8.604215E-1	-2.535320E-6
8.594119E-1	-2.732165E-6
8.584351E-1	-2.919150E-6
8.574182E-1	-3.091333E-6
8.564274E-1	-3.254806E-6
8.554312E-1	-3.403134E-6
8.544426E-1	-3.528554E-6
8.534114E-1	-3.642868E-6
8.524116E-1	-3.759211E-6
8.514454E-1	-3.852132E-6
8.504023E-1	-3.939320E-6
8.493941E-1	-4.023276E-6
8.484493E-1	-4.106045E-6
8.474179E-1	-4.200199E-6
8.464579E-1	-4.302109E-6
8.454343E-1	-4.400950E-6
8.444419E-1	-4.502270E-6
8.434045E-1	-4.613747E-6
8.424206E-1	-4.720257E-6
8.414020E-1	-4.822088E-6
8.403696E-1	-4.922109E-6
8.393707E-1	-5.067134E-6
8.383893E-1	-5.315767E-6
8.373519E-1	-5.469523E-6
8.363681E-1	-5.607260E-6
8.354007E-1	-5.770864E-6
8.343690E-1	-5.923799E-6
8.333563E-1	-6.156470E-6
8.323433E-1	-6.297112E-6
8.313615E-1	-6.331947E-6
8.303401E-1	-6.375086E-6
8.293614E-1	-6.439193E-6
8.283348E-1	-6.472544E-6
8.273306E-1	-6.527125E-6
8.263637E-1	-6.582368E-6
8.253458E-1	-6.654266E-6
8.243463E-1	-6.704593E-6
8.233511E-1	-6.811506E-6
8.223446E-1	-6.907520E-6
8.213228E-1	-7.012171E-6
8.203119E-1	-7.149178E-6
8.192965E-1	-7.290943E-6
8.182624E-1	-7.406639E-6
8.173004E-1	-7.511022E-6
8.163012E-1	-7.581850E-6
8.153098E-1	-7.664937E-6
8.142742E-1	-7.736325E-6
8.132902E-1	-7.804464E-6
8.122699E-1	-7.904918E-6
8.113094E-1	-8.002465E-6
8.102721E-1	-8.141794E-6
8.092989E-1	-8.306563E-6
8.082943E-1	-8.511342E-6
8.072587E-1	-8.649863E-6
8.062791E-1	-8.720149E-6
8.052636E-1	-8.755501E-6
8.043034E-1	-8.760857E-6
8.032555E-1	-8.777550E-6
8.022838E-1	-8.790470E-6
8.012777E-1	-8.827076E-6
8.002154E-1	-8.842730E-6
7.992461E-1	-8.893154E-6
7.982066E-1	-8.950909E-6
7.971854E-1	-8.967064E-6
7.962019E-1	-9.017745E-6
7.951965E-1	-9.076640E-6
7.942446E-1	-9.100137E-6
7.932282E-1	-9.113352E-6
7.922524E-1	-9.130442E-6
7.912168E-1	-9.151226E-6
7.902354E-1	-9.196755E-6
7.892429E-1	-9.222595E-6
7.882040E-1	-9.237500E-6
7.872473E-1	-9.256466E-6
7.862490E-1	-9.278229E-6
7.851914E-1	-9.288659E-6
7.841852E-1	-9.326330E-6
7.831974E-1	-9.398757E-6
7.821801E-1	-9.434226E-6
7.812166E-1	-9.471127E-6
7.802084E-1	-9.548029E-6
7.791908E-1	-9.575509E-6
7.782044E-1	-9.596831E-6
7.771961E-1	-9.637908E-6
7.761757E-1	-9.664791E-6
7.752150E-1	-9.662062E-6
7.741970E-1	-9.662749E-6
7.731497E-1	-9.683351E-6
7.721706E-1	-9.716865E-6
7.711593E-1	-9.730657E-6
7.702216E-1	-9.760086E-6
7.691795E-1	-9.786004E-6
7.682031E-1	-9.820519E-6
7.671830E-1	-9.835813E-6
7.661961E-1	-9.875875E-6
7.651542E-1	-9.919726E-6
7.641748E-1	-9.947511E-6
7.631315E-1	-9.974639E-6
7.621124E-1	-9.976811E-6
7.611450E-1	-9.996936E-6
7.601518E-1	-9.967189E-6
7.591633E-1	-1.001612E-5
7.581415E-1	-1.006817E-5
7.571089E-1	-1.009807E-5
7.561531E-1	-1.009731E-5
